968	64
641	45
645	98
639	282
520	139
641	271
593	168
803	272
847	8
576	400
743	301
863	68
648	104
703	498
651	66
513	240
584	88
528	104
513	156
528	57
515	25
530	0
531	260
775	17
775	2
569	134
639	9
512	43
547	72
663	22
921	192
548	58
729	1
778	272
672	8
931	72
839	202
700	474
543	160
645	170
646	304
520	117
840	432
936	352
740	37
904	136
801	1
943	464
512	258
751	163
529	12
583	368
972	365
526	182
898	130
512	373
534	132
609	282
540	458
653	148
524	296
853	32
514	272
771	56
930	41
653	66
912	19
913	135
639	207
511	280
696	138
708	0
934	299
604	352
514	265
578	384
777	257
717	388
600	128
800	455
525	348
745	96
553	0
522	9
914	20
561	152
568	384
770	336
585	66
836	78
705	134
537	152
575	228
774	72
548	74
912	337
645	404
817	64
831	360
860	24
518	1
528	55
556	273
517	266
596	75
643	300
511	171
559	387
603	208
552	1
515	4
560	288
644	8
680	48
814	0
688	261
511	78
520	384
604	201
789	16
545	18
674	253
572	72
770	275
810	472
909	431
519	54
640	44
771	238
992	41
656	49
600	80
609	267
775	421
787	39
771	148
669	5
831	6
784	168
528	16
575	368
761	132
632	66
519	130
644	274
521	316
833	12
959	65
527	260
817	448
548	50
922	257
870	292
962	167
889	93
545	268
849	40
516	291
527	386
549	16
640	324
787	138
794	130
546	292
771	99
582	26
794	328
607	1
583	136
522	184
560	13
684	139
640	16
583	296
575	300
659	208
559	81
645	161
640	430
729	320
543	8
795	3
847	192
579	136
666	385
513	217
713	242
897	160
683	257
659	132
831	176
839	236
512	3
772	32
643	248
983	20
624	0
831	0
535	378
655	212
713	133
526	178
524	323
768	2
848	22
896	321
648	103
772	75
751	3
511	32
522	52
823	260
861	284
520	128
559	99
513	80
668	199
654	141
576	65
528	196
960	5
515	54
996	277
880	160
888	451
579	322
578	233
877	136
932	405
769	140
575	86
544	288
584	282
724	262
905	273
678	296
671	40
863	462
785	192
594	280
546	262
555	66
851	283
513	432
917	116
805	413
918	1
517	10
587	402
540	196
511	272
643	289
673	161
803	129
582	206
663	336
768	200
769	274
783	21
784	256
863	417
779	4
960	69
719	237
787	164
610	300
945	4
515	321
529	254
578	86
720	389
523	20
511	412
808	400
651	132
626	150
526	83
930	318
512	384
518	296
520	65
769	166
538	359
974	177
519	420
618	295
711	416
575	140
961	240
673	138
841	32
874	128
576	228
553	172
527	197
516	28
928	69
529	144
747	16
761	476
577	138
585	336
708	174
839	432
674	320
736	32
603	162
725	145
535	59
850	144
598	176
622	290
773	99
517	6
777	336
897	480
787	137
528	28
655	332
817	152
529	0
778	256
535	137
609	256
840	180
521	1
649	426
737	264
531	285
568	296
612	192
522	20
575	268
767	180
672	216
559	17
609	355
720	257
576	209
525	70
616	12
575	24
644	315
964	14
710	0
549	289
948	131
532	390
720	66
753	232
912	17
730	483
512	98
513	358
569	400
913	54
559	392
896	260
895	292
635	0
527	43
513	430
632	390
632	336
643	297
676	133
801	138
875	260
768	217
577	36
521	11
553	342
806	200
530	72
813	81
534	411
520	492
720	272
767	154
797	371
554	120
784	248
673	10
767	162
656	140
654	168
515	58
852	14
843	97
931	15
947	304
763	64
513	67
514	5
520	135
568	72
800	265
703	358
538	2
832	209
526	152
512	390
671	40
526	274
865	76
1007	64
514	7
517	2
514	265
589	240
630	344
609	186
515	94
651	33
780	336
545	24
592	384
590	3
575	92
517	209
584	38
512	38
626	209
529	392
820	417
563	329
599	113
906	136
527	296
708	4
513	2
585	412
821	292
584	52
860	336
896	208
563	131
687	265
744	73
559	12
607	260
604	50
896	37
799	129
716	16
575	2
516	9
597	6
784	460
624	8
544	293
684	261
609	16
673	64
549	240
674	84
799	172
580	168
902	292
709	1
910	17
704	176
583	69
946	8
511	228
713	80
511	205
821	34
801	6
511	244
514	16
728	18
994	33
918	44
853	156
607	273
515	65
595	80
963	25
697	125
611	320
511	1
831	77
692	244
599	104
895	2
530	148
644	82
772	404
929	400
906	80
511	354
535	145
519	268
535	14
875	0
529	481
668	280
959	32
703	54
544	68
576	2
546	161
741	129
515	256
547	18
592	108
835	264
932	175
769	223
661	38
663	137
906	386
524	131
524	150
785	16
514	264
807	259
704	16
512	372
900	76
593	160
854	41
528	448
612	288
787	108
912	320
895	336
655	161
689	8
514	288
823	0
790	4
514	388
847	144
578	332
665	64
833	292
520	0
580	20
864	135
527	0
949	48
738	323
601	49
569	385
652	130
796	5
553	42
913	21
527	17
531	136
932	194
513	164
514	197
551	28
866	10
554	333
543	6
656	96
529	28
811	24
609	224
735	256
664	129
596	330
581	14
605	65
788	348
533	496
709	28
513	384
656	281
690	73
546	23
652	130
595	27
526	485
580	8
675	146
871	72
624	217
976	386
864	132
656	43
705	4
778	199
653	173
571	260
616	135
828	129
832	274
899	282
731	256
801	72
538	264
867	10
575	450
548	137
533	343
678	25
528	336
511	139
859	75
777	450
704	33
586	8
776	448
771	0
528	149
639	168
961	129
772	6
513	386
513	24
861	34
790	88
833	265
560	51
512	144
768	256
960	313
945	226
721	194
515	8
598	194
966	316
713	194
849	468
593	60
1005	130
649	6
545	265
607	132
613	192
703	33
543	451
975	433
859	256
517	64
703	435
663	448
910	506
607	481
929	358
681	224
711	76
511	4
769	17
523	13
673	65
769	1
677	38
776	460
553	129
552	41
819	258
912	197
848	237
539	104
651	288
655	2
667	306
530	256
528	78
515	144
691	5
551	298
545	156
656	98
658	170
932	312
723	4
557	25
690	187
525	44
548	478
831	275
611	263
697	129
735	149
521	341
798	261
864	284
591	2
543	249
920	22
512	1
512	14
769	354
525	208
573	504
600	497
936	72
531	264
776	0
651	79
527	64
711	136
784	90
512	3
964	81
579	316
703	68
525	129
530	2
775	47
526	132
531	137
511	100
640	258
771	80
535	166
611	384
775	4
649	33
560	25
515	0
964	7
897	265
579	160
513	12
767	256
521	54
688	135
718	433
709	40
785	19
672	8
803	23
523	455
770	4
517	116
643	300
716	384
607	176
828	180
520	381
659	227
749	8
577	228
768	36
683	8
577	171
515	242
543	147
898	229
578	67
790	128
512	0
831	66
511	65
676	60
959	36
805	164
575	3
951	256
780	130
546	115
602	9
511	34
783	136
601	34
768	9
580	132
639	293
602	133
775	322
577	433
519	320
591	4
930	20
551	53
615	257
522	34
576	2
712	336
786	270
738	404
772	304
803	192
745	17
640	268
587	467
534	124
777	322
511	198
835	257
673	264
899	289
893	181
767	16
915	264
511	19
625	44
564	130
625	48
866	288
581	264
858	224
513	60
931	356
532	20
799	4
845	32
875	257
527	71
518	21
564	58
713	32
534	30
566	386
559	217
928	1
1015	0
652	40
551	272
547	2
779	93
538	167
610	441
771	280
515	98
521	128
675	324
944	456
641	403
521	196
656	258
531	30
864	284
837	501
684	81
605	132
653	184
769	64
769	256
591	177
555	136
512	73
992	236
549	24
774	336
800	0
546	468
615	324
639	177
773	1
839	48
976	74
514	70
650	321
607	32
558	50
720	328
646	216
581	84
593	4
864	36
836	28
849	28
609	137
703	164
515	4
545	321
831	146
583	360
546	293
513	8
560	136
602	123
559	32
575	38
527	131
513	1
581	129
762	428
807	295
527	328
659	473
612	32
511	290
576	196
531	17
991	321
532	385
639	136
616	140
511	107
535	147
722	64
810	193
832	197
964	112
698	98
587	0
688	108
962	64
518	330
816	454
576	98
704	12
519	194
513	14
577	0
540	172
515	181
672	33
665	42
775	1
940	18
688	53
636	34
599	74
575	288
521	11
530	298
800	396
791	113
552	196
543	4
898	139
887	96
800	33
528	132
674	138
762	133
595	160
511	212
543	0
588	137
511	338
779	0
565	9
802	6
807	3
943	357
928	497
595	36
640	316
545	52
592	224
560	345
607	289
548	139
793	74
961	266
527	294
855	144
528	135
543	101
839	302
537	42
705	97
600	101
778	160
547	156
669	360
999	2
643	48
770	160
689	457
639	161
584	68
988	48
575	32
513	32
931	31
771	10
804	237
944	268
803	197
654	4
527	384
536	492
899	130
855	146
706	161
869	36
911	64
639	312
515	3
613	160
572	108
941	488
524	329
994	1
796	10
896	369
575	0
528	195
522	344
675	275
615	3
807	88
994	113
616	32
911	457
534	256
784	1
799	4
647	272
888	268
810	482
613	194
768	32
529	193
592	290
676	33
733	290
646	404
514	46
819	266
642	358
558	45
650	9
527	160
521	92
911	307
711	21
546	324
808	7
514	395
671	117
656	78
560	192
972	299
879	288
817	71
639	260
523	73
780	298
973	68
532	35
575	80
747	133
532	320
681	369
555	400
543	10
554	433
521	49
778	414
617	320
536	300
512	220
711	288
639	0
607	305
511	356
800	32
802	8
592	51
682	71
580	5
562	72
673	22
776	129
782	362
799	200
904	196
809	4
561	162
751	344
533	256
959	134
673	280
904	448
669	0
768	261
702	40
787	292
672	502
519	2
733	364
767	330
513	32
522	241
903	0
789	274
604	145
980	81
673	34
579	26
764	5
512	259
591	139
1008	116
577	64
705	194
531	68
587	208
577	257
519	32
521	284
690	267
635	81
632	280
535	448
626	81
680	130
807	128
522	5
514	178
529	380
676	167
644	288
543	68
769	100
545	93
513	258
978	464
696	383
545	189
603	321
838	436
545	0
730	93
544	389
588	289
557	199
582	14
544	50
737	106
871	54
771	12
940	352
777	226
743	107
591	34
624	18
739	408
597	129
529	64
655	12
535	131
517	407
567	145
807	153
580	492
961	289
605	34
787	50
690	332
529	52
531	181
524	262
585	134
575	339
780	420
673	416
544	72
900	10
896	2
934	24
930	390
659	18
511	12
640	66
931	240
643	417
838	309
569	396
515	41
513	230
781	23
577	197
772	184
904	64
802	128
713	8
832	290
546	258
662	196
845	364
535	332
679	267
896	393
512	340
629	49
945	82
511	129
511	193
707	129
801	13
938	289
776	7
927	4
768	137
867	5
819	352
522	18
820	15
913	146
535	0
553	258
821	80
641	5
610	100
527	13
641	429
528	336
705	5
611	357
552	66
775	306
583	484
513	6
607	0
512	242
586	7
544	0
704	72
544	176
569	208
553	460
1007	12
511	90
803	477
673	480
896	32
642	284
785	257
693	8
771	306
675	3
511	261
666	1
521	273
698	400
673	114
900	151
613	100
839	26
928	0
692	0
537	102
587	139
721	96
516	289
977	64
776	84
788	225
584	161
641	6
806	22
908	28
813	134
609	52
784	224
609	40
513	262
641	451
531	40
529	141
831	69
529	207
532	72
513	320
644	109
708	201
676	16
824	220
979	232
900	55
586	36
708	128
530	357
513	81
511	40
904	4
640	275
659	33
587	388
640	72
680	152
847	506
514	288
631	132
514	25
544	304
642	17
990	137
814	133
768	36
645	390
779	34
543	256
561	2
615	72
641	16
517	11
768	36
812	385
788	12
516	330
833	90
532	105
780	281
660	186
703	289
835	236
575	81
711	389
592	136
725	256
512	102
530	8
528	114
712	308
616	67
643	484
975	296
560	212
579	136
577	2
807	260
646	390
783	273
612	256
703	136
578	17
880	144
586	480
561	9
543	7
576	339
608	18
587	64
727	16
974	128
800	437
531	469
578	64
581	77
799	384
556	0
895	4
639	298
964	279
521	354
965	16
899	414
695	178
575	33
842	12
901	149
544	354
783	45
539	129
529	304
600	422
772	352
866	192
973	216
528	130
872	154
548	64
690	64
680	16
660	128
615	186
582	97
640	14
576	136
854	264
531	293
786	51
575	34
559	85
573	66
690	36
549	332
651	339
544	257
560	141
725	0
898	0
944	8
672	138
772	36
913	162
778	2
979	30
873	336
524	84
833	321
639	13
716	20
525	4
527	388
740	34
1003	8
864	322
963	97
557	448
620	146
768	163
799	172
527	19
977	387
786	165
782	385
511	14
784	104
600	265
598	236
673	324
569	321
716	32
527	388
512	377
897	41
686	72
545	88
793	500
877	382
680	160
642	408
584	20
563	461
720	89
578	162
835	180
519	44
660	256
618	128
545	11
811	81
780	146
648	322
639	504
672	0
588	40
520	70
777	144
771	164
799	131
512	216
722	1
838	6
864	272
517	409
640	344
777	256
685	64
513	256
530	261
529	64
977	410
562	329
775	8
546	192
640	50
684	96
682	215
599	218
643	402
979	57
834	143
687	265
535	204
657	273
531	8
512	146
680	192
687	0
530	2
768	257
528	411
801	4
511	297
586	240
557	100
801	35
604	13
595	64
665	48
606	78
567	274
550	133
553	408
851	230
513	264
644	120
767	144
800	56
769	200
823	261
543	22
521	352
584	131
537	325
560	133
644	25
771	166
827	145
535	18
841	65
532	40
672	425
905	143
705	140
819	416
804	345
540	40
744	52
865	314
705	473
513	16
550	267
767	16
613	406
519	53
604	9
512	331
996	267
930	4
519	291
533	2
807	290
543	260
512	18
566	267
580	324
527	181
640	67
578	0
635	63
522	144
595	329
561	320
596	310
553	160
543	18
532	5
522	105
547	367
648	54
655	426
900	432
664	112
595	34
816	3
607	16
587	64
780	3
543	394
653	23
629	460
527	281
511	270
976	128
771	0
673	139
512	48
793	32
654	300
943	132
576	62
661	394
729	162
817	384
937	3
919	176
512	304
513	6
839	260
554	484
972	5
714	6
581	2
585	22
643	10
848	258
545	96
688	338
739	283
801	503
799	16
720	265
702	34
547	0
770	427
530	130
929	448
968	26
545	328
675	408
666	66
869	464
541	4
566	354
513	140
828	256
512	55
908	325
784	274
783	264
525	68
639	275
528	200
914	192
581	393
520	5
667	66
785	132
597	212
514	8
530	61
911	159
519	424
866	386
787	148
515	144
915	282
677	67
706	257
881	130
966	70
787	289
860	6
519	25
574	40
536	276
517	16
639	96
522	135
616	282
514	12
559	78
641	35
919	365
529	33
715	96
728	320
515	143
620	64
527	17
803	324
927	98
519	500
640	239
581	136
513	4
652	176
545	69
776	355
715	165
570	43
864	242
513	82
519	132
574	225
557	26
514	144
662	84
853	454
639	18
835	288
697	116
929	200
639	292
902	169
512	148
720	0
527	349
583	162
788	360
535	0
769	257
783	5
775	14
855	422
913	192
528	163
609	195
514	128
512	128
802	0
577	8
707	244
615	23
672	69
598	80
815	83
776	324
649	161
661	68
930	276
517	32
557	384
775	144
687	64
515	298
512	0
517	53
935	128
512	112
575	1
596	83
562	71
900	14
640	34
672	113
514	321
769	176
688	132
961	289
773	64
769	265
524	30
539	8
515	9
779	228
944	256
709	260
537	422
515	132
600	36
512	36
563	387
519	193
612	292
640	71
511	337
801	58
969	68
521	386
714	212
605	72
841	39
833	12
552	20
864	170
512	22
584	74
692	317
684	6
570	37
995	2
528	32
576	406
519	193
543	130
624	98
575	100
879	192
668	256
661	20
994	164
577	260
1005	128
535	16
544	153
575	208
640	328
780	50
843	476
777	256
517	133
544	360
808	132
807	25
779	264
554	329
788	144
767	144
904	5
640	103
783	80
611	294
511	128
560	182
931	57
607	294
684	14
539	148
578	180
679	3
531	64
529	364
598	136
643	34
576	268
547	28
559	143
545	65
899	256
512	289
675	33
559	163
851	10
517	160
778	162
511	227
592	175
842	64
541	235
522	180
608	397
777	373
944	5
520	1
845	327
757	17
815	88
990	249
889	257
524	80
811	8
559	40
805	0
640	200
965	76
776	275
791	405
768	332
659	128
661	440
777	12
640	4
843	440
809	4
783	16
841	435
709	34
835	68
815	326
780	64
848	223
850	13
552	308
565	261
515	108
648	205
515	20
514	2
921	204
807	392
804	32
960	65
976	80
704	401
515	67
774	34
940	137
969	21
645	322
652	456
612	11
575	288
641	395
512	1
851	268
608	128
514	252
512	272
592	416
520	201
512	64
527	258
640	464
588	39
716	480
560	18
664	322
576	38
749	80
675	70
541	448
648	414
521	17
649	122
689	168
721	112
517	48
529	64
735	260
966	57
665	4
547	196
639	362
708	256
959	388
544	3
536	260
721	90
649	68
719	15
904	193
715	131
643	384
643	323
543	304
579	123
784	14
512	3
529	292
932	68
520	12
911	160
912	41
929	199
947	176
827	261
705	197
578	356
715	136
800	3
819	114
669	200
514	418
768	294
523	128
544	50
514	467
789	425
922	38
769	66
769	351
715	44
803	35
585	488
521	289
646	212
771	74
530	338
571	271
658	19
512	10
586	152
770	83
643	266
767	36
559	176
644	353
555	116
784	145
656	203
581	37
897	130
583	14
519	65
586	146
692	49
528	481
545	19
928	128
845	300
808	450
512	265
530	46
640	139
647	81
581	494
626	138
639	264
610	128
909	201
776	76
903	21
684	23
659	147
783	296
513	208
575	394
885	296
514	128
837	64
587	48
720	161
824	100
899	0
591	343
967	288
689	257
554	92
832	257
912	418
516	341
960	97
599	50
744	72
621	36
579	33
549	392
576	139
639	280
772	84
583	453
932	66
527	0
527	8
655	60
863	199
560	76
544	238
830	51
537	1
734	172
790	196
553	274
511	169
548	280
674	387
851	184
543	148
527	277
690	51
671	111
515	0
527	57
897	201
575	292
832	259
895	152
548	12
543	0
791	238
644	260
520	80
518	132
900	4
785	18
531	490
584	33
727	150
928	167
905	137
551	264
547	96
578	400
1018	68
785	16
709	258
549	182
679	32
679	14
671	2
789	77
528	264
548	64
808	64
624	69
689	62
939	14
965	399
607	2
552	2
608	93
772	16
768	8
607	18
780	0
903	16
515	18
576	98
770	264
672	160
738	39
679	17
768	265
767	65
588	17
641	203
787	208
544	385
525	328
965	0
1000	140
587	45
636	344
639	65
1003	80
659	49
552	6
612	147
802	464
626	148
576	9
728	192
719	0
787	417
775	196
607	44
585	288
513	5
993	42
831	283
768	66
598	37
824	19
832	86
621	28
770	21
575	326
771	10
817	352
932	419
705	77
553	98
823	120
795	300
845	1
879	184
723	425
800	24
522	192
560	157
855	340
520	7
523	496
648	168
513	258
679	32
516	165
643	16
767	288
528	2
566	272
592	392
588	224
546	135
640	54
543	12
519	120
880	90
583	224
746	138
949	0
531	322
806	70
691	200
675	17
938	17
896	308
591	4
871	0
675	400
512	242
584	354
559	67
512	10
516	65
591	306
640	148
535	181
513	136
523	65
511	283
808	105
903	4
670	37
655	68
543	11
607	216
744	360
644	80
807	1
538	97
512	192
720	14
528	14
548	192
613	68
519	2
775	68
908	404
512	292
897	471
593	142
655	94
767	320
754	248
767	216
864	321
568	208
769	32
535	273
560	157
799	389
612	259
641	150
720	256
584	34
543	272
643	384
537	50
703	18
792	329
658	16
815	205
528	209
704	274
511	161
769	0
987	4
842	151
520	49
579	20
517	120
899	68
544	424
954	72
551	72
521	307
833	259
800	112
578	7
600	275
600	85
572	57
752	63
831	69
903	17
680	320
513	320
516	50
680	330
768	11
639	246
256	666
234	617
5	927
26	595
8	623
24	807
0	953
433	963
4	668
400	782
374	627
67	913
72	784
177	560
56	653
272	639
12	591
134	587
388	641
22	768
99	526
12	623
317	579
1	569
132	575
101	515
21	733
320	591
6	557
320	643
224	800
218	571
452	733
350	512
32	896
64	646
178	831
151	769
197	513
7	520
200	819
416	776
134	518
155	772
392	513
278	701
16	543
16	532
280	797
7	550
92	515
201	617
1	585
70	823
65	923
16	608
42	686
56	835
136	527
341	710
460	936
358	660
16	529
9	527
336	585
354	529
0	925
392	655
257	721
65	582
72	767
163	780
308	575
132	939
158	648
345	577
320	728
1	895
64	703
284	794
323	706
27	621
200	551
64	585
202	639
286	535
14	681
264	514
276	665
153	512
160	519
0	607
37	575
12	589
15	934
65	767
321	593
160	847
207	843
36	768
242	735
152	868
5	834
257	567
80	767
9	908
386	515
449	750
338	639
476	631
197	960
264	688
209	640
162	936
8	547
5	906
18	681
135	1000
34	709
501	656
452	560
340	545
0	854
164	535
30	688
176	995
177	757
42	521
262	651
3	628
301	562
260	671
260	576
66	705
152	602
256	883
444	531
179	568
437	897
41	615
213	513
272	535
34	665
128	597
104	845
192	538
336	783
193	519
20	913
160	641
456	594
160	671
97	641
194	519
467	544
16	794
149	696
320	1011
116	517
388	557
344	785
160	515
488	790
257	559
172	776
390	593
10	743
137	785
248	713
450	863
321	903
5	635
288	632
195	562
0	586
164	771
32	587
196	651
2	559
182	530
68	611
19	651
6	721
128	512
204	518
167	966
16	519
408	671
315	847
0	528
110	566
324	577
3	654
194	845
12	533
484	580
100	586
328	511
498	847
180	575
84	672
80	935
497	524
265	575
27	544
36	756
262	729
0	513
390	913
80	586
0	583
352	856
46	615
121	744
13	544
32	548
277	515
33	536
32	599
6	539
170	513
6	915
136	516
183	794
164	849
144	625
16	647
9	768
448	769
147	713
12	784
324	543
428	979
176	567
0	653
342	512
98	918
28	583
82	774
128	879
78	512
390	807
360	523
454	512
160	545
12	569
57	767
192	522
451	511
112	582
34	544
68	661
29	776
31	607
64	512
373	558
4	512
272	653
187	707
455	519
139	802
52	914
49	544
309	544
210	897
320	776
37	578
104	688
80	535
168	675
102	583
289	546
269	807
338	841
388	691
57	553
288	782
33	961
64	527
193	639
218	512
281	523
17	578
25	905
444	769
322	526
333	623
49	515
0	569
303	733
50	640
266	580
30	531
4	897
20	513
37	584
213	552
15	971
17	717
145	871
193	767
177	739
263	929
17	782
151	964
289	769
55	819
129	971
502	1020
388	544
384	513
289	769
330	593
316	542
32	900
1	579
189	898
137	1003
393	561
144	511
332	584
306	513
8	528
396	705
32	577
16	719
392	532
430	824
4	545
257	931
4	792
331	580
11	517
7	580
152	704
268	690
365	868
35	600
458	520
144	515
144	928
98	891
68	704
38	583
228	641
130	635
113	641
140	663
347	626
361	969
276	546
6	706
65	615
48	551
35	531
480	568
133	514
293	575
176	728
400	560
66	913
264	866
78	866
8	848
289	530
65	667
400	538
44	968
330	667
207	931
178	692
267	668
131	576
144	788
384	513
298	623
258	577
294	556
2	538
162	596
259	575
160	592
128	949
3	674
16	983
293	538
51	515
325	544
292	609
138	960
266	599
193	767
273	737
416	675
225	579
452	511
138	748
141	754
320	588
24	549
386	584
66	517
200	641
18	769
48	789
113	545
85	672
260	703
114	511
265	553
16	807
426	647
208	643
69	545
18	708
151	799
43	699
42	707
131	749
6	700
88	847
359	938
314	772
9	575
12	586
261	708
306	514
364	927
296	779
64	852
144	536
197	528
16	843
40	536
326	518
93	613
204	517
224	847
369	778
224	867
278	817
476	612
340	845
24	927
401	784
260	579
256	957
109	770
456	783
160	515
75	532
292	526
2	543
64	518
288	907
53	576
8	580
312	519
64	515
135	541
348	833
136	531
73	671
493	1008
194	808
0	569
225	575
18	543
0	559
13	677
388	532
498	511
156	584
288	625
89	648
192	998
352	543
44	656
1	524
298	971
66	511
257	779
29	642
74	593
298	565
5	527
203	646
194	810
142	919
342	943
33	605
42	848
274	902
65	560
26	653
11	864
25	838
141	547
164	522
256	964
196	687
5	655
74	521
128	513
450	585
217	588
65	511
12	547
153	786
333	521
139	515
452	802
352	560
128	819
192	922
280	642
295	740
65	838
10	545
288	577
24	559
72	608
2	659
27	863
226	771
216	803
13	803
392	577
172	576
0	511
8	580
274	800
32	559
279	651
50	935
34	849
144	771
19	831
148	727
5	768
41	582
308	921
48	780
2	831
64	767
3	511
192	568
164	544
18	516
66	959
226	930
194	899
97	531
104	518
225	659
296	582
53	642
169	804
449	613
271	546
290	552
196	639
505	837
68	530
69	770
44	677
119	733
420	519
292	527
67	514
54	539
336	1012
90	773
131	549
256	512
226	615
320	527
354	788
296	537
30	589
256	870
9	967
336	639
233	691
417	550
449	837
432	771
258	639
388	805
128	769
22	561
280	533
112	523
417	918
216	858
182	644
131	511
265	511
394	984
11	578
312	911
426	643
64	557
141	521
144	772
13	615
229	944
130	521
280	595
6	511
198	783
390	723
16	641
61	583
10	991
274	585
264	697
36	575
96	799
73	575
12	538
440	534
256	520
154	513
392	985
96	800
320	643
77	527
457	543
25	519
0	600
491	652
172	895
161	559
5	671
144	511
266	649
129	530
278	592
8	676
322	511
480	648
37	704
266	970
106	712
66	514
138	722
200	657
432	863
4	703
417	546
200	803
15	720
64	654
297	531
165	647
21	879
137	648
13	513
280	639
24	597
404	1009
130	824
268	674
267	963
432	543
69	895
328	556
42	520
0	546
5	611
291	788
234	588
321	904
305	971
129	928
448	737
99	834
34	515
96	834
234	703
276	512
12	712
113	597
56	585
32	800
384	647
389	580
14	693
163	707
224	767
259	845
67	703
2	835
293	1008
257	625
273	649
32	523
197	813
197	864
0	561
68	777
299	838
23	575
46	589
266	643
132	642
458	513
348	546
60	769
196	540
34	543
393	784
274	671
20	576
3	999
256	563
130	866
193	542
64	577
227	770
84	898
196	735
423	610
329	585
142	831
4	576
274	834
12	687
364	659
137	768
225	802
40	778
272	904
110	580
165	687
458	512
102	659
136	849
279	609
65	700
320	655
136	776
0	561
9	723
97	770
408	850
2	559
8	557
128	631
36	650
398	530
468	528
101	767
148	511
0	547
132	611
145	896
16	801
65	655
307	759
259	647
3	769
217	550
169	561
69	752
128	924
169	859
344	534
32	511
194	703
269	643
108	588
6	690
65	967
0	814
257	659
150	967
82	515
93	612
129	511
441	1013
6	768
128	527
262	961
171	773
284	523
0	546
68	556
64	520
171	584
37	551
280	605
456	688
150	639
325	907
248	564
2	786
389	694
48	868
73	580
19	592
196	523
160	770
16	536
16	554
34	847
325	564
134	905
42	832
304	648
385	519
21	904
336	948
34	522
268	591
56	914
0	569
128	515
266	608
0	528
509	522
192	792
20	768
192	602
71	1003
45	535
306	587
143	528
0	511
74	575
408	543
449	608
268	602
273	577
385	548
1	832
482	639
53	576
198	623
268	609
262	832
34	515
30	775
289	660
280	647
116	515
353	707
195	643
66	575
0	785
0	832
387	729
70	607
77	640
160	628
260	1012
2	640
265	524
2	596
195	651
4	560
7	544
4	645
269	694
256	641
12	529
84	551
216	768
19	645
54	599
80	572
404	671
77	532
146	853
104	652
98	889
149	648
1	550
268	672
73	536
1	575
82	535
144	579
106	782
0	775
68	580
168	547
65	569
156	547
432	606
67	819
72	544
376	808
17	682
2	660
339	595
357	525
226	769
240	767
258	936
4	640
0	640
344	772
130	704
35	841
488	606
510	599
37	640
449	531
262	746
138	769
6	787
376	616
324	672
16	676
196	898
290	719
320	902
420	914
80	847
4	512
10	640
32	583
120	532
51	744
330	531
8	721
131	790
385	607
264	708
137	832
176	512
80	807
26	650
347	671
336	895
32	672
353	739
66	563
8	587
255	520
263	623
354	617
257	953
256	610
265	800
221	647
356	524
45	511
280	648
200	897
23	754
8	593
4	663
418	961
38	841
81	905
70	771
128	692
6	581
256	552
433	515
4	553
163	516
0	520
22	512
162	610
2	608
417	515
19	516
21	567
449	880
84	941
4	530
0	542
9	685
196	658
75	644
161	563
150	530
306	840
466	736
282	639
16	551
387	575
34	522
128	632
68	535
256	591
32	698
146	511
156	584
456	658
20	944
4	545
498	614
1	520
8	527
139	517
288	585
40	515
260	775
492	531
36	584
335	712
129	640
81	529
261	511
111	767
334	545
369	611
12	513
67	912
392	513
98	608
132	669
161	844
176	708
22	804
2	792
14	835
100	648
64	663
10	585
67	564
266	978
160	930
11	553
323	648
129	959
38	687
24	528
101	972
194	899
53	722
147	773
18	832
289	548
21	895
4	575
34	680
192	1015
134	877
158	691
32	922
18	623
38	621
73	522
336	536
0	540
32	943
130	543
321	774
226	927
48	897
94	660
150	543
300	951
64	541
20	516
28	522
42	604
88	950
330	580
128	613
56	676
332	698
408	625
3	909
24	519
37	768
64	552
323	511
401	853
455	705
260	773
34	676
4	802
178	575
64	511
4	563
256	666
346	689
202	534
41	844
160	640
346	575
161	575
228	527
154	520
138	760
270	593
376	769
283	542
4	707
2	932
2	772
136	656
0	667
129	800
35	575
112	705
142	532
68	524
65	511
72	519
202	512
20	513
138	528
36	513
145	899
148	530
160	976
0	959
288	528
195	948
458	713
345	700
420	519
35	511
241	562
88	841
49	561
80	544
67	660
257	575
295	650
209	687
288	546
39	529
8	832
192	897
278	551
280	643
16	583
326	959
137	970
130	551
5	928
36	672
69	527
396	833
149	513
482	776
266	588
20	1009
82	665
272	522
269	528
33	693
400	600
22	739
80	803
124	586
232	528
256	575
8	545
200	672
185	581
285	577
177	880
52	980
1	944
432	580
18	938
258	893
460	530
52	518
386	522
7	575
136	644
13	696
64	512
145	904
150	512
338	656
1	555
4	802
129	639
162	776
385	513
83	521
332	864
256	867
450	899
23	647
136	551
9	511
45	516
8	581
308	680
36	649
11	767
97	511
57	794
0	906
295	513
320	658
40	835
250	512
177	805
24	681
15	512
2	527
0	908
48	812
15	680
50	659
272	523
128	519
4	548
54	632
259	832
22	675
112	640
22	665
160	884
100	521
128	536
66	768
64	522
201	577
181	657
160	910
0	713
214	546
104	555
177	660
256	514
30	583
200	559
7	904
150	895
405	903
129	777
28	517
473	511
408	512
338	544
262	520
122	746
84	521
131	557
33	662
324	591
330	562
290	659
84	527
17	564
320	912
14	516
12	864
40	807
206	836
208	846
46	529
321	515
346	516
97	516
24	546
298	768
122	522
15	864
390	555
304	768
459	551
115	642
298	699
172	906
331	823
9	676
226	800
195	551
258	729
164	594
72	532
128	741
16	671
480	511
135	874
60	609
315	513
33	552
344	537
493	810
165	727
276	834
34	825
448	713
11	992
41	516
4	669
156	605
160	593
184	547
210	810
83	847
160	705
434	808
406	816
194	702
272	775
172	700
0	853
198	584
112	832
261	769
84	523
206	900
328	884
386	639
143	737
50	544
39	625
68	560
178	578
360	648
69	783
40	611
128	770
40	687
451	617
274	764
401	537
48	551
418	515
336	676
1	556
260	513
51	707
88	603
312	948
3	513
128	831
345	659
48	647
116	528
185	543
103	906
57	911
0	744
259	576
357	640
96	515
236	551
0	627
7	631
435	948
69	672
98	611
76	655
0	970
0	658
130	898
26	991
80	536
64	912
177	672
390	827
98	588
130	866
112	769
3	767
0	512
64	531
148	931
160	527
1	581
364	631
57	769
64	903
128	641
404	891
17	784
424	537
392	543
320	832
258	775
96	590
209	539
69	556
32	598
232	837
261	932
48	520
281	546
422	767
265	790
50	839
108	538
277	854
225	767
89	911
3	905
154	562
182	924
9	644
34	702
203	516
361	529
60	768
325	797
12	691
5	573
0	663
68	622
3	531
353	513
216	722
29	808
68	520
400	531
468	533
12	579
256	513
467	512
129	513
14	643
300	767
1	575
27	779
106	704
458	527
84	719
306	775
160	779
68	519
225	639
18	512
155	519
65	515
89	706
171	865
105	764
149	512
324	523
257	794
136	744
272	533
133	960
37	892
65	716
144	919
26	634
132	641
66	782
128	905
170	935
134	964
33	719
3	965
150	576
450	571
132	682
44	995
88	629
198	984
456	814
35	601
28	843
12	516
128	843
69	897
154	546
490	583
260	554
144	900
32	693
35	614
161	666
76	640
67	547
163	646
356	607
352	658
328	512
128	528
228	643
384	533
128	770
70	775
490	920
143	762
14	905
131	600
393	768
0	896
16	581
17	933
29	804
393	515
274	650
357	927
384	684
224	544
90	545
413	744
141	634
260	736
139	703
0	679
453	521
9	512
227	999
264	646
23	545
424	550
216	961
274	771
0	511
18	603
288	680
84	534
342	577
73	960
145	547
0	815
40	543
80	643
1	699
130	519
32	625
128	532
338	586
392	515
22	517
111	800
332	768
218	524
325	773
104	911
96	864
25	645
0	841
7	652
112	703
33	511
64	512
24	608
296	580
10	558
307	518
35	513
109	787
288	559
1	528
448	868
20	776
330	554
261	912
146	556
80	839
2	576
97	549
328	521
0	895
290	529
132	800
67	805
420	935
1	562
257	563
256	562
129	517
320	751
156	738
320	625
145	835
18	784
40	714
66	648
324	1020
96	799
37	676
342	688
71	528
210	915
145	519
273	993
8	780
58	864
352	512
256	556
293	612
380	643
284	726
450	903
4	873
235	594
290	840
0	800
7	672
166	658
467	840
136	886
483	592
23	800
128	644
1	769
32	850
154	533
28	767
364	543
144	682
98	669
44	584
56	817
96	616
337	577
67	520
128	784
176	861
52	768
12	551
293	662
308	511
129	523
170	707
232	586
67	767
79	967
28	739
160	771
396	895
288	897
129	793
310	782
360	1008
145	938
256	847
33	513
289	833
65	800
14	542
256	904
317	789
52	529
66	566
47	900
278	543
256	846
77	613
130	547
131	596
176	575
80	958
74	808
176	515
136	820
297	836
0	708
75	713
384	652
194	775
152	660
484	963
276	696
103	723
331	640
307	836
5	538
201	512
172	548
196	671
12	677
401	608
269	737
42	651
339	790
37	767
48	538
72	799
432	803
98	610
66	780
234	519
14	896
480	546
256	767
70	820
112	851
388	923
314	767
36	532
4	513
2	914
1	640
2	672
37	560
168	613
268	577
20	534
347	543
128	979
268	545
272	908
454	639
132	599
17	777
33	802
24	550
129	768
397	518
24	818
58	818
212	840
68	716
3	809
16	785
369	856
2	667
80	532
195	658
35	707
81	521
152	584
32	831
108	815
0	567
68	514
196	959
128	775
158	659
213	832
168	648
76	900
13	711
101	598
106	768
18	640
241	704
103	615
36	513
138	981
64	577
25	801
453	783
128	511
424	817
322	703
80	950
68	575
8	899
192	664
256	657
257	567
368	824
347	951
37	979
276	593
132	601
310	864
261	770
5	663
3	704
0	536
258	549
265	576
16	536
78	667
146	631
192	665
100	583
128	611
33	611
362	523
27	579
65	552
217	711
100	512
32	874
321	644
246	840
259	901
160	697
384	600
43	743
68	517
477	642
8	653
90	661
88	591
17	640
112	565
156	801
288	710
353	649
312	591
150	896
194	575
296	576
45	753
303	655
77	671
64	803
15	656
141	511
112	895
0	512
256	517
34	835
35	580
311	790
16	512
209	867
131	511
168	706
131	641
136	969
87	858
388	593
460	652
32	778
406	643
17	532
380	532
8	640
176	975
64	530
172	723
166	667
34	680
65	551
128	802
392	712
149	513
42	531
129	645
103	937
258	641
224	550
231	678
80	939
68	784
18	512
414	511
306	816
129	767
260	576
200	643
2	511
64	896
444	643
325	531
294	994
192	705
216	520
265	980
54	737
12	731
21	592
149	585
36	679
138	787
278	718
257	810
388	961
296	776
370	528
21	834
92	560
423	525
232	778
308	569
14	527
100	707
335	587
36	511
33	833
33	521
324	581
136	714
69	677
8	751
289	727
136	693
412	608
400	772
12	962
68	913
135	512
133	767
273	577
110	692
150	888
144	639
390	771
3	519
267	936
76	525
43	515
160	535
29	776
465	773
294	519
33	895
450	800
306	512
261	915
345	835
401	634
8	574
8	641
17	905
128	865
256	545
4	575
37	767
63	579
42	936
288	956
0	896
0	601
282	783
256	920
396	900
24	544
405	514
10	552
101	646
39	511
98	511
41	676
36	519
147	554
273	772
256	532
448	548
265	549
42	653
270	513
34	520
140	931
8	711
129	1012
128	543
41	519
324	961
473	776
32	820
44	736
308	512
97	548
35	915
323	915
266	643
1	960
2	787
9	968
41	833
4	589
6	523
88	719
32	720
0	589
259	779
84	583
96	571
137	799
258	856
97	512
429	997
132	768
147	819
264	599
369	912
155	608
0	807
384	511
25	581
462	865
81	818
448	559
273	563
264	832
194	519
32	661
128	671
395	896
219	961
132	639
264	741
190	584
224	524
26	842
338	739
256	678
10	543
296	547
272	811
452	639
152	512
257	737
362	512
8	552
465	679
72	888
272	716
136	835
0	770
18	511
57	712
304	842
128	517
50	841
40	775
97	895
260	634
2	799
0	967
321	719
0	703
264	512
180	687
97	653
387	660
28	513
368	519
24	659
328	523
8	584
33	576
36	865
82	674
272	511
7	714
22	553
96	514
147	777
256	514
449	791
337	653
2	824
232	543
16	572
438	520
198	644
336	529
27	914
40	936
353	524
211	646
339	675
404	604
48	513
290	786
115	545
192	639
232	528
168	513
256	554
88	562
392	623
60	517
264	929
34	610
71	906
246	991
68	720
179	1000
206	656
72	644
144	676
272	527
20	725
448	543
193	823
320	664
384	578
70	556
331	922
265	548
3	899
135	640
202	514
308	536
296	771
82	847
0	769
34	623
264	687
137	581
37	644
321	515
185	580
185	863
296	778
75	671
151	780
272	515
292	832
328	578
306	640
130	555
83	512
159	705
32	608
9	562
40	528
491	567
12	513
16	661
52	540
1	845
176	611
458	534
120	777
137	513
292	773
288	960
78	538
80	554
82	900
1	937
104	658
56	678
164	511
327	563
12	946
100	583
97	768
15	559
34	924
24	740
260	913
64	579
392	704
78	626
2	578
321	645
261	794
8	804
115	583
96	640
16	648
0	722
25	515
10	524
267	592
78	578
378	703
268	780
277	751
28	518
270	864
125	524
11	770
160	521
76	644
442	586
128	927
257	784
209	640
1	736
398	561
276	815
256	752
11	901
256	651
291	656
46	621
24	623
137	547
32	943
32	897
18	655
320	915
296	539
128	608
133	640
38	623
416	866
5	547
508	707
292	561
20	519
82	743
44	895
258	639
87	640
32	538
10	528
256	933
40	513
352	658
304	520
129	916
129	613
212	538
65	543
268	650
168	537
47	603
243	658
150	796
90	738
296	665
329	532
3	831
259	548
157	710
69	595
320	640
312	549
482	768
272	676
136	640
263	812
56	527
162	773
7	767
151	527
1	512
368	516
394	558
98	511
256	527
390	811
361	783
352	888
334	690
36	623
272	903
132	732
257	898
144	514
163	773
72	513
448	675
139	601
360	512
89	769
322	703
291	576
128	540
2	535
28	544
343	681
16	833
219	664
158	674
268	787
23	639
294	787
192	595
309	903
336	516
64	791
415	511
13	519
490	765
272	704
161	512
344	769
268	617
535	576
555	834
695	946
613	517
647	512
848	520
660	640
708	530
561	529
583	776
553	520
550	639
639	608
840	521
577	545
814	523
561	609
514	826
930	535
775	538
800	583
785	681
615	852
979	544
768	523
560	777
933	831
688	743
975	721
511	627
991	767
978	790
803	675
772	964
721	534
640	704
858	879
610	580
591	757
576	664
784	516
529	768
690	760
882	517
525	512
837	790
716	791
771	653
590	767
624	577
617	552
517	706
519	649
746	797
705	585
875	513
553	519
543	873
523	579
518	963
644	795
525	767
663	799
575	578
816	513
798	517
832	577
754	960
563	568
653	521
773	517
897	538
512	679
515	531
512	539
840	534
577	792
631	784
884	514
642	526
524	929
760	710
753	688
517	964
635	601
655	920
767	653
551	607
863	641
631	896
639	692
642	559
774	525
667	575
544	799
527	671
866	817
871	931
614	612
514	636
672	825
640	575
860	809
610	529
610	527
546	803
547	839
511	551
581	664
705	543
560	592
513	833
512	656
517	780
552	658
768	648
849	519
616	806
775	767
772	708
912	527
543	602
645	767
767	786
639	514
720	528
688	592
673	553
975	708
523	512
773	674
671	769
661	691
577	530
966	512
835	527
763	658
803	527
544	708
576	642
547	901
511	695
968	521
515	840
552	589
575	853
558	770
679	669
512	528
518	600
669	767
657	713
511	524
522	557
924	767
576	538
651	643
544	585
517	519
512	896
643	583
528	578
523	639
545	645
548	1011
873	556
828	531
778	805
576	543
703	801
832	548
919	535
554	912
511	863
578	639
911	718
962	892
657	776
557	934
575	583
584	628
545	661
511	932
640	705
689	882
845	902
671	608
575	788
544	704
583	815
521	528
665	639
959	547
559	775
779	646
512	558
770	531
581	724
520	1020
912	512
867	550
561	596
836	713
575	840
643	515
883	680
558	927
779	603
808	776
544	799
512	831
513	723
640	644
534	703
615	530
949	640
770	835
554	712
520	661
649	640
568	541
767	799
527	577
671	543
831	943
830	869
789	640
655	649
855	541
808	929
729	687
781	833
731	561
595	840
515	543
800	577
781	516
711	658
767	511
591	640
645	820
737	597
832	704
916	898
714	579
587	674
701	530
945	518
853	743
847	524
773	871
854	705
833	992
512	703
597	513
760	522
848	767
707	527
895	865
824	512
524	548
635	516
658	623
511	512
543	896
551	606
856	640
650	839
593	783
935	535
519	776
530	831
942	580
821	769
511	580
872	712
644	615
769	772
673	549
912	660
769	647
812	591
768	924
767	660
848	671
768	555
803	523
924	539
545	934
679	957
529	820
808	550
601	705
515	848
524	897
707	799
611	656
519	807
973	513
917	524
639	815
767	910
912	737
799	522
543	879
511	834
711	875
897	521
595	768
648	552
673	640
842	546
512	515
702	983
512	680
540	787
832	645
549	534
585	715
592	525
577	556
851	675
583	660
869	593
531	646
582	640
840	671
524	794
543	618
896	667
664	684
851	641
576	521
549	675
575	511
863	631
527	672
643	587
907	531
751	515
776	648
527	513
577	560
591	562
640	520
565	600
520	817
897	593
834	560
978	641
610	575
815	774
596	794
800	864
549	624
535	777
935	841
900	711
515	566
856	837
527	897
848	525
834	761
529	623
779	837
705	849
667	607
892	964
534	784
580	897
691	513
818	821
550	763
607	913
521	511
804	680
754	847
585	705
831	512
843	539
678	581
561	550
772	589
643	591
705	865
592	585
524	647
813	664
831	736
513	864
767	639
641	793
640	802
639	791
561	585
595	609
533	899
575	607
639	796
625	664
529	576
516	511
554	779
549	647
731	787
539	584
553	900
533	575
511	768
772	517
940	526
869	835
578	768
843	521
645	801
647	514
524	528
963	644
1008	656
640	543
549	615
937	619
610	659
769	592
951	535
546	660
577	565
679	643
543	792
856	523
554	727
519	522
901	792
944	703
639	961
932	551
968	901
517	536
720	584
575	671
514	553
516	579
511	587
545	952
898	549
549	553
896	513
532	611
531	808
641	565
527	811
754	515
640	769
959	647
779	527
928	518
847	551
733	805
674	528
849	643
573	514
694	543
795	973
645	546
703	910
527	516
521	658
679	584
791	787
613	803
675	799
892	563
969	876
543	841
783	753
703	528
747	803
529	543
543	513
542	962
847	664
607	667
706	511
648	998
652	519
687	655
656	516
515	663
519	629
517	518
927	517
533	867
610	1002
620	661
609	522
960	679
580	739
551	514
961	575
602	577
523	519
850	539
580	655
527	528
921	806
515	780
829	591
983	514
898	754
806	576
663	911
519	513
833	780
641	796
685	575
543	529
512	623
772	837
512	797
946	564
784	676
660	644
529	807
549	555
784	530
879	784
578	531
614	554
706	602
724	688
513	785
768	779
577	680
922	512
770	579
580	537
513	775
547	546
743	696
844	843
601	839
650	946
703	791
655	548
586	666
716	839
959	579
536	546
525	634
607	641
658	565
736	614
587	515
841	679
785	715
852	722
544	587
843	533
724	575
901	659
767	839
775	785
772	703
511	648
731	712
643	730
827	911
895	644
515	552
655	522
542	603
775	828
639	578
669	929
831	642
551	794
640	703
722	781
531	581
520	713
513	531
646	527
741	660
581	678
656	823
580	519
515	804
896	595
513	536
908	655
549	713
897	645
864	625
599	972
735	937
704	671
960	892
515	769
513	679
515	512
832	660
552	512
583	800
580	703
611	787
512	565
535	911
543	1000
515	576
656	516
513	623
519	911
700	962
709	519
643	534
780	583
703	548
576	548
533	686
664	602
512	884
819	648
655	610
695	771
655	755
959	665
783	809
520	527
592	899
738	642
897	600
534	603
832	515
523	851
585	529
535	672
511	863
577	513
639	672
576	542
985	559
583	527
559	796
870	528
779	567
522	641
959	834
530	545
716	519
530	522
706	720
512	527
518	914
970	713
771	723
775	704
544	513
515	772
865	809
544	545
528	591
833	625
825	897
807	792
985	769
838	523
527	577
676	511
964	831
845	849
517	554
952	511
513	977
576	677
542	648
769	581
895	584
701	595
776	928
644	960
644	898
640	556
546	707
824	575
674	800
540	803
783	537
516	571
751	545
547	532
517	687
514	791
519	980
577	835
977	600
680	908
547	896
628	783
619	544
944	1018
646	664
740	771
729	886
656	516
544	907
640	733
515	600
543	641
608	990
929	627
530	800
519	575
599	801
583	1009
591	601
543	513
592	657
803	831
721	566
799	738
558	784
519	835
805	964
736	562
528	612
901	779
1018	635
621	853
809	544
523	666
517	810
771	812
770	544
831	569
642	517
689	660
547	785
774	611
790	512
952	632
792	752
768	718
535	901
777	816
575	584
832	960
527	784
697	512
549	792
513	518
800	722
511	690
737	915
882	661
527	773
863	568
520	897
538	741
609	580
799	511
806	641
596	744
784	863
784	533
665	511
888	783
647	608
690	523
905	515
963	996
848	799
783	598
661	800
593	585
561	511
513	544
555	528
808	810
721	616
672	960
514	595
529	924
574	585
523	579
707	527
982	847
844	511
536	516
667	779
835	768
640	599
580	858
644	593
511	864
548	531
649	587
850	513
814	872
586	511
640	607
896	898
536	563
517	513
562	647
642	800
783	567
512	563
646	643
647	511
588	867
888	517
538	546
906	626
689	528
544	608
704	544
545	640
899	582
581	563
549	545
514	513
834	512
709	594
654	770
780	522
712	647
557	660
619	775
642	523
578	665
815	525
517	518
787	931
557	511
815	523
547	775
832	656
527	520
849	625
831	575
649	703
511	591
577	727
658	749
802	511
705	831
781	820
895	731
712	748
673	519
527	647
742	815
685	544
584	517
705	543
513	538
773	539
1007	582
898	650
514	585
802	778
699	517
623	775
864	659
529	927
636	993
751	651
737	654
511	648
600	777
513	675
512	511
559	759
583	580
527	520
704	960
831	770
641	776
924	771
656	976
577	952
545	814
545	656
919	531
530	639
722	529
538	775
650	592
900	677
512	867
605	973
840	579
768	962
793	767
714	547
512	514
516	512
524	736
576	653
768	713
1005	541
599	592
555	639
679	530
550	512
676	661
800	712
971	551
549	834
989	896
552	767
675	975
716	775
513	752
554	511
893	648
667	788
515	791
983	575
649	628
527	762
626	572
543	622
860	999
556	588
582	899
635	512
776	529
651	596
915	836
676	590
944	528
903	513
986	516
740	770
663	656
961	903
656	641
575	864
543	532
674	805
777	833
940	640
591	704
783	576
512	703
595	588
868	928
784	518
529	552
599	559
829	641
703	618
771	587
616	850
516	606
961	607
708	671
561	513
512	639
658	514
667	613
616	771
526	645
517	687
959	775
643	768
815	773
771	521
639	713
559	872
551	640
610	955
780	650
656	706
778	512
512	657
817	586
644	572
805	664
548	611
540	644
776	623
521	729
956	635
529	817
647	546
616	835
544	513
611	706
640	560
869	916
771	567
579	751
896	531
921	831
920	630
575	519
832	620
608	703
922	633
588	818
519	592
788	534
995	641
583	898
575	557
619	919
779	995
541	811
776	785
576	626
737	849
641	529
687	906
652	609
679	511
591	576
650	543
647	739
773	756
556	515
768	840
511	679
843	770
707	547
591	804
673	939
639	953
909	783
808	892
675	515
897	840
960	533
786	594
521	592
859	702
703	1003
682	944
978	540
643	610
679	514
577	534
856	672
877	514
684	643
641	771
769	672
644	512
553	704
931	835
546	588
703	587
721	979
588	572
695	810
643	769
544	519
869	903
737	680
547	643
580	596
751	831
596	789
690	544
516	577
779	897
727	720
916	554
903	777
909	984
523	866
899	512
912	916
516	663
836	537
831	528
512	703
578	551
656	516
771	613
643	752
544	514
663	547
897	608
511	547
551	651
784	862
583	675
523	657
640	791
648	517
769	834
531	528
536	607
812	904
511	537
511	792
593	515
726	897
517	577
642	640
528	616
599	832
656	529
519	511
658	896
607	572
903	530
569	681
960	511
713	624
666	863
774	767
878	649
771	901
803	583
663	531
612	706
900	943
865	911
703	639
848	776
582	608
769	840
680	864
576	640
799	529
803	511
592	555
520	598
647	559
959	900
542	543
946	515
768	906
578	866
751	707
768	703
522	675
587	836
530	645
768	965
961	770
601	663
548	536
795	588
577	655
744	929
533	671
564	559
513	768
564	881
675	577
516	960
555	665
620	767
911	1007
554	690
833	682
650	611
896	528
639	771
543	669
546	575
640	577
848	644
802	783
511	639
731	527
783	552
512	873
774	531
544	557
999	693
865	911
652	579
587	525
912	656
575	817
511	657
511	762
727	518
837	568
544	552
517	705
650	612
855	775
975	512
605	704
655	898
575	770
559	606
801	914
385	165
309	134
64	130
272	260
228	13
386	179
179	152
54	177
108	161
73	252
49	133
1	12
389	278
39	272
64	332
281	22
431	169
324	137
400	212
16	73
158	201
65	152
344	392
184	357
130	5
3	72
161	136
42	173
456	322
256	75
16	205
232	34
52	330
24	112
336	425
387	25
290	76
136	73
273	22
2	35
330	284
146	2
300	384
68	73
154	258
111	16
384	144
68	0
256	144
430	0
360	180
10	164
32	98
434	75
290	114
192	204
120	30
277	96
260	197
6	162
172	138
180	45
388	32
222	272
16	176
89	192
17	3
84	385
424	161
75	280
272	376
96	74
6	360
268	224
226	212
217	388
24	190
274	466
33	98
64	20
49	9
12	130
224	240
330	64
130	192
192	144
256	138
16	26
488	401
458	68
288	8
32	448
275	390
194	12
84	0
158	22
144	267
40	392
24	128
131	198
384	411
390	245
300	128
321	398
18	80
275	316
1	464
404	200
132	468
98	273
355	20
20	90
6	202
419	162
313	490
96	20
263	404
16	408
0	57
0	257
132	58
0	385
64	426
0	14
128	130
315	32
190	66
224	1
8	1
6	384
379	258
74	200
288	371
0	129
80	64
225	173
0	68
5	400
265	340
267	131
168	32
308	424
45	96
371	64
36	8
114	387
457	299
456	9
32	130
293	128
436	153
296	1
128	38
8	15
226	256
161	195
60	320
256	316
0	112
402	483
224	197
42	36
65	21
0	37
21	298
8	129
333	404
204	266
183	200
33	387
274	270
55	128
384	396
20	165
313	51
115	200
128	453
73	24
24	198
106	7
273	133
192	1
128	406
16	484
118	483
2	80
7	212
364	9
177	500
69	40
21	24
379	180
336	320
51	16
14	5
276	144
272	96
394	460
163	232
396	20
0	4
219	302
17	81
24	231
11	278
276	449
324	260
5	397
488	344
192	68
325	269
156	384
187	137
263	32
323	32
407	504
289	252
40	304
16	324
10	66
288	112
1	84
81	4
59	16
33	171
3	260
441	69
103	64
417	36
320	484
20	56
40	192
298	2
48	321
198	391
66	197
28	36
209	49
0	261
364	392
448	4
97	256
38	269
328	134
24	144
320	240
146	132
53	186
153	233
100	4
368	261
341	1
2	300
257	219
10	196
165	324
374	268
13	146
82	33
41	124
336	96
51	64
64	2
304	160
208	320
1	320
28	256
134	387
34	116
166	70
96	141
258	48
100	16
136	16
98	5
144	0
10	250
209	64
51	99
411	1
170	0
389	39
269	44
216	128
223	284
63	156
46	297
178	12
32	19
470	113
392	274
128	8
426	177
128	50
212	128
20	122
429	206
240	109
328	15
9	8
109	139
232	18
133	149
326	383
65	294
1	176
18	24
392	180
82	31
242	105
313	4
197	80
200	33
396	291
128	88
16	75
2	322
269	264
108	104
500	4
68	81
289	50
167	196
34	72
384	457
182	27
0	74
0	272
304	448
392	266
354	4
75	403
17	55
33	458
32	27
264	202
385	128
128	264
200	262
102	138
76	425
324	132
406	80
80	26
174	170
112	224
130	152
406	296
376	202
98	34
68	258
418	8
344	248
300	22
129	418
178	136
292	57
82	7
2	400
32	274
80	152
304	192
256	8
292	0
329	384
129	13
135	10
0	176
176	230
104	133
341	0
32	20
487	284
13	123
152	72
14	20
452	105
18	2
100	481
128	256
28	264
262	432
68	129
69	272
199	57
32	298
164	284
136	352
259	449
9	306
16	133
17	134
137	404
361	406
329	22
32	24
4	195
329	452
165	92
64	400
51	256
0	386
73	42
133	70
17	284
323	58
148	152
64	66
402	28
32	33
76	393
1	36
497	33
39	58
368	141
37	266
19	480
488	162
32	64
4	334
38	184
501	278
120	69
85	47
320	41
258	49
240	140
22	78
312	96
258	308
64	138
10	46
23	6
345	274
139	8
401	407
20	452
281	2
275	1
151	89
424	452
376	148
3	32
160	4
2	316
129	265
403	325
52	256
154	133
265	48
82	336
288	4
296	64
97	54
0	23
0	121
2	256
388	147
129	400
433	168
128	329
192	215
30	0
39	4
280	4
166	18
305	4
80	370
73	82
192	65
1	96
43	304
83	384
34	100
37	262
65	9
0	325
347	116
378	344
0	387
68	167
129	294
260	66
286	67
272	16
352	115
163	70
37	48
292	24
192	104
209	353
35	322
8	71
16	130
15	33
256	52
179	29
280	264
131	0
16	501
224	48
174	16
104	149
37	29
42	12
208	288
184	357
336	98
32	72
154	32
41	37
21	259
329	145
336	2
308	163
480	60
89	0
448	72
140	25
130	155
5	52
224	141
162	0
25	202
400	173
504	320
42	132
322	144
242	104
129	352
32	53
0	137
35	17
8	205
404	320
320	201
451	256
60	2
72	208
292	167
49	70
37	353
268	359
8	6
192	80
22	390
112	40
386	405
481	38
161	68
160	0
8	131
99	133
403	376
153	160
272	129
33	27
38	457
274	257
48	130
81	264
448	302
277	5
361	132
16	176
116	485
22	4
68	39
387	136
14	152
196	268
272	1
450	114
131	222
400	264
2	282
160	418
160	153
257	37
1	4
74	136
65	284
12	81
6	65
8	279
384	68
425	266
2	23
16	337
72	269
268	12
282	257
386	208
88	330
218	129
243	167
341	144
321	416
194	39
24	128
288	0
392	48
23	90
48	409
362	98
0	140
24	166
76	340
2	68
15	50
368	408
160	261
36	4
38	143
64	33
101	28
235	327
2	303
33	8
16	289
426	202
361	321
0	265
4	96
225	69
26	73
48	176
219	116
170	132
393	286
224	361
307	17
223	347
167	161
111	98
170	33
172	260
148	33
33	464
53	332
1	304
137	412
18	341
470	11
192	132
132	1
129	49
110	323
0	400
486	261
196	260
65	328
294	67
387	131
180	196
132	236
0	65
75	74
168	65
257	0
161	4
47	20
324	132
268	136
384	401
293	388
12	112
96	20
396	182
176	417
128	65
256	139
454	306
65	384
394	260
19	67
64	19
331	16
128	164
70	87
74	2
130	160
320	2
146	250
34	273
502	42
15	277
140	301
212	65
387	7
392	34
221	73
416	138
160	144
88	424
419	411
16	291
13	24
88	134
330	257
258	96
58	146
81	297
161	261
322	132
130	384
160	242
388	122
87	352
115	131
252	273
94	75
24	288
161	134
410	1
328	361
32	200
33	9
8	45
499	418
1	380
66	24
257	22
0	4
293	273
272	27
76	45
140	192
144	5
230	40
1	421
444	62
356	224
266	129
220	297
8	107
326	483
346	55
2	454
288	260
256	384
64	256
337	276
94	161
137	339
2	128
8	2
14	42
28	81
6	152
40	44
0	4
5	9
448	321
182	74
402	268
165	49
345	115
65	137
8	155
7	80
42	0
0	448
193	131
68	164
135	47
0	29
0	5
420	345
258	256
132	318
352	193
20	32
289	213
4	8
8	421
159	160
440	16
82	273
140	282
40	32
274	46
104	144
21	378
322	48
0	148
200	50
102	366
224	304
11	7
35	13
17	135
41	24
61	44
345	136
240	267
13	352
310	22
128	13
48	24
261	38
412	200
193	161
21	58
36	501
20	268
133	137
464	309
64	3
68	389
132	176
99	256
163	76
6	0
64	320
25	208
192	38
3	132
361	41
73	128
386	284
360	31
2	74
14	360
144	325
17	410
193	172
192	321
34	12
186	35
96	70
128	0
1	2
16	33
202	316
202	389
8	60
203	10
64	149
58	79
160	2
393	65
290	65
206	410
23	270
274	36
89	0
160	32
384	144
8	450
1	140
338	155
8	168
424	23
172	37
313	33
160	65
0	321
163	384
263	130
233	128
65	272
7	256
52	132
134	136
297	56
321	400
24	1
256	66
7	85
98	193
15	275
2	16
196	0
7	288
133	8
153	202
261	21
296	128
0	19
43	4
17	156
70	131
131	47
400	264
296	203
424	153
0	257
129	68
1	44
275	304
425	196
33	232
280	60
418	135
160	193
156	33
408	3
256	3
404	424
33	26
82	176
388	180
16	322
422	320
38	296
273	44
3	262
28	174
13	321
64	96
2	337
64	2
288	176
16	66
24	156
107	384
129	394
424	500
44	321
133	44
33	38
15	260
99	100
0	142
256	17
85	9
16	167
482	462
354	328
80	140
449	2
457	288
320	328
428	292
42	32
158	256
56	177
33	104
165	297
224	200
168	64
232	1
144	5
28	336
97	336
24	218
0	267
27	35
21	259
252	452
338	68
17	296
182	98
32	150
96	158
67	0
289	2
4	1
13	149
16	386
39	418
105	17
261	1
129	35
164	42
105	387
2	87
4	13
157	74
50	385
52	31
29	400
304	273
264	498
5	55
267	167
35	2
473	49
275	64
2	93
317	2
64	468
167	208
29	65
333	277
240	432
0	438
0	70
2	205
20	131
2	82
228	339
136	193
0	4
280	467
0	157
424	121
196	210
65	206
266	12
133	70
112	464
128	48
60	261
152	336
375	236
64	220
35	6
384	164
164	272
488	310
49	385
194	80
67	394
65	256
306	33
42	148
256	17
68	140
280	0
32	281
133	108
210	132
32	364
34	257
200	386
357	68
256	268
303	478
32	434
433	8
96	128
256	65
245	8
68	35
195	169
398	128
149	261
384	134
242	232
32	338
260	453
418	0
375	41
260	256
0	188
393	416
170	298
190	96
299	289
21	0
323	65
6	144
261	356
33	324
266	401
309	311
192	334
324	67
387	132
68	473
205	19
176	288
9	391
59	346
485	74
24	392
129	448
104	149
70	79
196	147
200	128
3	2
32	80
500	12
5	260
34	281
71	2
424	22
192	1
64	269
259	1
304	354
277	224
130	272
105	37
11	132
468	234
268	192
420	272
8	60
288	104
484	178
10	64
330	50
17	18
4	462
36	132
463	492
6	193
65	273
346	388
23	69
2	8
6	11
260	208
268	136
455	241
137	8
371	0
56	328
192	150
324	51
16	100
15	132
224	281
462	0
59	8
3	320
20	273
8	38
160	200
160	244
263	96
164	32
35	291
21	4
258	99
136	45
166	465
28	20
225	453
352	207
310	489
10	288
129	52
400	131
4	6
60	320
291	145
385	304
348	386
320	400
193	164
67	48
281	257
128	3
192	300
328	426
2	130
262	432
73	400
414	112
210	149
64	389
34	148
280	384
304	13
176	69
10	416
30	261
141	262
13	35
295	353
268	480
204	2
278	225
178	18
268	28
414	101
288	106
334	192
6	51
347	12
292	69
320	96
37	419
69	292
214	41
112	262
227	40
44	94
113	256
322	256
378	262
487	257
24	171
44	178
18	354
163	43
55	144
401	1
3	306
161	9
99	104
112	92
80	0
165	100
176	291
9	145
136	417
16	268
197	8
0	3
116	96
11	44
384	3
137	131
79	47
0	137
259	130
102	72
154	370
213	176
46	176
0	150
290	333
201	458
81	17
101	128
8	69
381	88
212	314
236	288
316	174
206	256
35	355
277	128
369	168
76	238
386	160
496	64
4	104
5	196
402	144
168	162
144	312
1	166
489	320
276	317
270	4
22	140
270	288
137	386
107	333
2	261
211	34
71	264
46	144
33	66
257	273
505	34
65	19
80	128
8	131
453	342
152	218
95	196
88	339
304	88
12	201
168	316
197	144
48	137
322	269
340	24
246	81
281	337
276	200
193	344
192	128
390	41
340	1
256	34
272	37
80	59
0	291
396	65
384	96
25	142
140	86
64	5
469	257
64	170
297	196
349	135
284	64
2	243
130	6
103	162
42	448
262	136
160	30
0	16
66	292
169	96
20	496
334	164
292	259
396	32
148	28
26	33
64	34
425	204
36	289
200	256
19	33
65	473
278	393
51	178
135	294
74	1
130	308
16	34
18	128
412	264
1	272
8	340
145	221
38	151
7	488
165	112
19	272
356	276
2	161
396	144
222	66
88	17
192	128
333	294
98	257
43	73
270	104
16	275
336	299
334	260
70	140
130	172
401	192
450	265
128	9
413	31
304	136
97	288
2	474
34	64
6	145
339	346
77	2
76	336
0	288
34	2
1	58
5	304
69	298
130	497
340	145
152	408
288	155
16	153
417	140
13	136
388	20
288	144
291	187
12	136
304	361
4	66
170	140
344	86
288	480
242	312
265	198
400	144
301	137
77	108
9	20
68	312
402	75
22	125
136	8
464	25
33	386
296	82
2	106
327	20
488	0
433	75
24	32
162	65
65	209
262	9
188	46
1	138
89	36
0	2
345	107
33	368
51	96
90	10
397	71
35	324
393	48
134	395
256	163
225	1
10	40
173	197
160	72
129	70
75	420
208	260
2	198
166	67
288	260
312	49
206	282
272	132
18	362
32	364
2	464
41	20
451	77
148	80
18	7
290	44
65	384
354	10
160	19
282	300
256	43
257	329
509	16
19	145
227	11
273	483
321	10
48	129
19	192
96	128
143	313
106	18
63	144
337	81
86	176
16	225
453	32
365	65
202	251
203	329
162	106
33	24
32	16
155	162
259	18
22	66
320	143
309	37
13	187
284	11
109	119
424	10
97	77
27	266
385	169
0	265
120	132
49	278
128	256
25	57
161	67
166	74
131	158
211	18
0	129
272	260
160	426
410	10
26	260
1	388
346	262
163	7
128	137
390	1
208	9
256	34
75	0
196	281
256	333
77	33
503	81
5	35
393	56
274	22
264	474
8	135
52	98
262	132
162	72
1	288
100	213
10	243
352	1
65	257
157	320
145	2
176	9
310	33
98	468
4	160
274	25
77	272
76	140
233	129
9	416
394	296
6	199
64	468
186	43
3	4
44	151
4	52
386	3
323	320
167	136
18	198
0	264
256	0
4	0
148	0
330	409
129	102
50	232
196	360
84	173
384	3
296	384
193	333
0	2
305	330
8	183
0	176
458	32
217	103
160	170
35	6
429	101
36	145
370	0
288	88
44	130
267	137
196	164
288	16
24	64
229	0
52	81
289	393
154	161
192	402
384	225
19	277
134	200
260	0
147	177
34	32
2	416
113	258
274	392
385	160
297	98
192	304
328	256
11	140
267	64
266	192
2	256
8	146
319	64
320	277
432	135
70	10
224	0
198	292
71	69
260	364
224	401
280	2
5	128
0	448
6	166
38	148
96	10
130	288
66	2
72	438
8	158
394	172
66	192
288	283
267	154
37	209
464	240
294	33
32	50
309	34
178	196
10	68
116	1
0	257
28	472
152	289
81	432
220	103
32	106
130	333
8	5
16	209
28	338
11	337
296	402
32	309
408	356
184	3
348	392
325	480
13	272
186	71
8	329
134	17
435	46
0	135
6	69
313	272
160	276
88	462
82	64
48	231
178	128
256	34
276	94
260	2
85	160
411	210
404	20
128	32
35	208
321	32
20	177
17	266
52	452
28	275
34	156
270	306
4	5
22	0
51	103
90	64
4	2
156	98
256	60
2	301
92	10
484	466
184	27
324	328
108	154
132	161
376	134
2	36
164	96
492	224
113	220
180	40
160	320
37	403
1	252
3	50
0	147
24	169
266	2
8	240
277	262
186	74
0	53
244	28
83	490
323	128
33	25
198	286
37	116
136	97
300	58
278	72
231	313
81	288
164	24
64	43
400	152
259	32
435	336
396	112
288	129
28	12
272	403
0	78
264	101
16	298
393	272
178	101
68	305
37	158
10	424
12	217
424	112
13	304
52	336
278	280
168	272
171	5
420	1
18	203
20	67
257	341
359	0
44	180
316	100
258	42
66	392
128	74
256	48
130	256
132	29
134	64
161	76
178	81
83	32
44	289
320	340
333	305
260	432
67	0
6	336
57	0
281	36
40	44
132	304
332	9
262	99
0	256
395	84
200	298
67	368
80	64
130	136
0	12
395	259
86	489
388	291
256	289
36	125
147	268
467	423
185	21
224	8
10	136
128	260
273	414
256	8
5	18
96	128
307	32
256	1
330	405
136	283
0	257
353	511
64	22
130	41
426	276
87	400
96	322
16	257
1	4
93	50
46	128
148	121
1	133
272	4
12	184
33	261
202	133
301	0
193	13
296	81
289	64
176	448
172	2
66	199
168	22
146	12
290	400
34	144
0	284
345	24
329	234
68	363
325	250
344	1
344	433
195	146
56	264
416	32
271	9
137	97
230	262
66	132
12	78
146	19
208	9
129	17
142	130
121	252
89	46
42	265
32	137
69	42
279	48
201	386
390	81
13	29
458	44
42	70
2	72
18	169
32	10
298	24
0	52
85	167
262	226
296	4
136	192
172	204
256	227
2	4
116	45
404	338
105	40
64	268
64	0
6	1
64	146
155	66
74	2
320	68
29	321
161	384
394	107
6	366
445	417
336	78
400	132
131	181
448	272
171	260
352	267
16	199
258	376
128	321
288	174
7	335
416	198
40	81
214	289
148	256
37	72
160	390
69	164
299	52
65	0
36	66
65	17
64	72
19	20
8	128
456	258
5	169
107	72
65	273
219	161
72	220
85	56
1	426
64	160
440	96
70	65
168	18
388	13
8	186
4	72
26	418
14	281
422	21
130	5
457	144
224	129
266	402
216	68
233	32
269	9
168	261
67	13
194	299
73	416
50	506
130	128
272	36
16	232
1	160
106	310
215	15
230	386
129	81
0	84
320	161
211	36
153	75
418	0
128	130
24	8
257	324
17	333
358	130
260	4
44	2
66	387
15	32
129	150
86	22
270	96
76	260
258	108
128	36
75	19
3	227
329	9
59	190
433	465
2	40
160	454
310	510
65	64
80	57
10	256
264	387
112	290
96	284
96	297
346	15
265	288
290	258
0	408
342	2
385	398
206	322
4	210
64	288
12	75
208	324
462	296
137	20
96	257
68	208
320	16
288	387
6	321
72	256
398	136
279	102
256	11
388	2
18	6
256	68
0	408
387	16
402	24
202	16
88	128
5	418
420	105
261	164
451	200
180	12
74	288
72	11
144	480
37	390
142	0
20	34
275	10
0	281
368	210
1	73
262	342
166	78
160	257
154	140
102	289
271	90
82	8
136	489
60	68
256	67
72	183
224	114
40	198
4	173
159	58
9	136
384	0
481	36
187	19
37	352
23	0
480	164
411	35
64	132
160	36
7	32
276	270
0	65
75	432
164	389
246	56
317	113
288	328
10	56
264	274
38	144
100	296
399	1
312	424
48	70
260	216
166	93
314	313
20	129
357	109
155	272
264	64
138	179
1	12
417	208
244	24
260	8
0	304
348	178
20	68
132	93
41	46
289	81
0	38
321	323
14	149
145	109
16	116
136	0
68	36
72	172
1	0
96	396
69	55
78	0
258	6
76	441
108	7
194	24
98	237
32	154
51	384
293	25
121	99
168	128
199	288
130	2
284	81
470	258
322	118
265	132
321	408
68	0
34	128
2	454
105	385
39	176
132	307
172	386
285	304
482	290
265	327
18	460
274	25
442	148
264	130
16	344
320	0
2	3
136	146
190	258
40	256
171	275
66	417
224	16
184	259
288	84
104	372
41	160
20	417
386	416
20	65
288	289
130	387
416	256
359	386
0	134
35	0
47	200
391	210
41	8
6	260
15	3
241	24
0	392
1	65
405	17
130	64
20	56
160	240
148	51
143	188
130	167
136	257
437	129
69	37
141	152
260	20
3	134
32	410
142	129
41	263
129	108
306	10
297	481
305	196
96	257
32	365
69	324
274	64
39	174
256	104
273	227
2	10
278	330
210	376
138	112
3	352
261	258
132	68
242	105
132	288
60	203
116	8
125	133
176	9
209	28
180	4
211	136
360	130
69	17
264	0
70	32
56	296
146	305
4	193
97	208
356	49
268	9
3	293
8	133
276	40
152	192
500	274
452	55
398	159
140	2
392	290
421	214
36	331
145	97
10	388
84	113
7	335
132	408
16	0
0	274
72	324
0	129
46	161
5	14
258	49
36	291
48	64
132	24
330	320
111	220
145	166
24	459
12	2
168	392
0	132
62	164
402	0
14	7
288	138
81	32
134	64
196	22
0	258
21	19
20	66
320	261
461	9
452	186
76	66
118	64
9	328
237	354
388	164
160	311
4	24
24	18
19	23
294	432
257	308
211	453
257	388
144	131
402	177
134	448
272	303
390	1
288	172
14	66
80	4
273	194
310	256
136	208
11	313
322	7
162	262
129	12
415	1
418	3
220	16
293	258
108	131
290	261
256	86
321	49
269	20
129	48
139	220
136	180
0	65
16	244
33	292
1	482
256	434
248	360
212	160
2	370
196	64
76	28
0	175
32	330
336	40
3	164
363	1
126	256
17	40
496	128
274	9
24	31
350	260
0	238
68	76
0	257
192	60
107	417
217	100
284	320
356	32
68	0
177	20
224	352
400	426
416	153
257	178
304	178
77	170
24	214
196	150
10	323
258	53
342	358
4	209
54	200
24	76
220	16
153	0
6	284
112	131
4	343
131	278
423	88
274	21
172	487
128	324
0	400
26	0
321	283
201	0
16	98
130	385
224	1
384	489
52	28
498	120
4	136
398	257
130	36
461	11
8	270
240	6
304	375
32	502
281	34
128	405
156	0
292	258
64	304
0	139
52	308
260	1
264	224
200	338
314	0
290	80
64	140
44	64
188	2
98	300
8	78
352	385
131	66
48	18
54	99
74	392
145	360
260	24
340	64
129	32
164	64
213	133
284	3
16	256
145	160
451	56
40	193
131	3
181	396
138	448
6	1
0	322
77	146
384	388
84	66
306	89
62	324
68	40
290	17
9	52
132	16
261	340
416	104
3	4
1	48
81	66
5	164
84	120
17	13
32	457
100	238
258	72
352	324
128	240
385	290
348	288
34	454
48	0
5	306
417	202
3	136
4	26
288	308
94	210
297	8
32	448
118	154
3	293
2	61
271	6
208	86
146	14
7	434
20	442
81	0
36	256
273	432
256	507
20	40
122	8
41	417
276	10
180	464
50	245
129	132
6	12
260	114
196	67
257	8
44	132
48	64
16	330
209	104
69	65
4	240
5	27
264	41
375	76
394	81
260	154
136	322
36	152
114	13
42	282
268	32
43	256
297	270
56	416
385	360
288	48
33	332
16	49
150	18
44	324
368	258
33	16
57	467
296	107
473	208
192	258
33	325
16	0
17	66
137	150
151	21
324	34
160	0
6	11
257	169
225	40
200	66
486	192
194	134
373	73
256	20
270	21
35	291
416	109
8	169
228	179
210	20
257	145
26	332
10	136
276	349
21	210
81	80
269	0
47	417
348	256
176	395
28	81
397	341
20	0
311	290
128	130
14	85
24	396
80	402
3	425
136	327
107	5
336	328
404	21
157	160
386	256
372	170
37	480
95	99
264	165
232	104
5	7
37	36
66	138
273	37
132	288
71	32
32	209
336	385
45	171
32	196
52	256
208	272
211	257
50	262
312	40
179	128
269	48
116	225
200	377
132	264
108	230
144	146
200	142
8	264
10	0
140	100
145	273
225	248
162	70
20	260
32	176
504	161
192	140
73	384
112	80
73	448
2	325
32	448
67	128
406	0
0	145
128	144
12	94
260	392
99	56
162	160
33	256
2	326
131	5
230	464
176	12
72	9
340	17
68	131
92	131
257	1
128	100
392	65
385	198
8	24
1	48
45	113
258	325
244	256
97	28
400	461
439	213
402	144
162	268
459	128
144	52
4	280
291	415
182	160
9	6
136	263
466	2
35	96
202	32
151	297
292	258
259	49
144	29
289	34
457	333
96	344
257	208
100	80
64	496
160	384
281	11
176	48
193	259
131	22
0	472
180	36
148	16
384	103
275	26
456	48
48	89
180	304
96	116
32	16
9	16
17	417
260	130
65	108
168	128
4	130
278	132
8	72
132	28
14	398
112	258
8	104
21	0
257	348
70	341
165	2
360	50
209	257
17	8
40	296
4	3
291	144
202	432
4	288
400	26
48	278
272	220
2	224
40	32
352	408
456	112
185	354
204	89
234	107
211	197
9	134
36	68
404	80
49	321
2	257
80	137
4	324
261	466
248	292
33	210
0	452
485	41
256	98
179	68
66	131
163	260
228	273
140	144
162	328
454	360
140	1
108	213
281	243
258	13
193	32
242	80
128	0
68	385
2	163
160	128
309	136
108	16
100	180
272	317
129	326
181	101
64	337
304	76
9	80
22	285
272	484
304	264
192	161
100	272
455	466
258	257
164	28
20	51
130	104
496	141
233	258
65	22
272	38
373	392
388	97
30	290
265	128
0	137
256	128
32	64
393	52
32	181
59	170
109	0
68	133
341	226
280	43
11	64
34	240
80	76
277	392
93	274
1	32
134	312
274	312
136	280
161	264
16	76
423	203
66	0
96	195
334	81
80	324
65	53
321	212
264	432
75	155
420	42
9	42
64	328
67	199
39	180
118	192
399	306
37	34
430	458
224	5
49	320
193	4
478	131
0	17
26	160
35	300
274	422
291	87
336	128
55	376
360	150
10	261
22	320
28	260
16	37
496	96
83	128
68	59
8	257
199	68
28	336
277	0
326	257
205	323
424	132
8	400
100	90
10	264
204	213
207	460
80	293
203	398
451	257
264	268
75	99
26	224
410	8
104	105
16	72
0	82
81	161
139	276
57	292
260	320
466	365
15	441
16	160
276	260
22	43
66	278
180	129
210	290
357	20
128	266
76	38
59	96
458	25
490	392
276	385
170	136
144	258
73	15
32	442
276	192
3	6
8	22
7	20
18	1
66	3
88	262
21	43
34	8
195	2
32	68
449	401
8	450
34	35
18	258
364	147
257	66
308	34
352	19
354	313
128	332
48	140
32	73
322	69
339	143
186	329
0	116
97	166
289	394
264	20
265	288
68	24
40	124
136	314
0	50
108	473
195	42
272	36
3	157
81	58
19	18
130	401
8	12
130	146
125	1
101	59
118	6
434	344
13	359
326	39
175	257
193	58
66	36
67	408
204	143
295	410
322	17
113	1
77	281
449	363
130	169
24	440
99	386
300	275
386	281
418	267
64	137
34	136
342	70
164	160
343	293
32	384
202	18
1	228
199	40
388	68
16	194
449	40
393	278
256	27
352	80
294	8
433	268
26	176
272	257
11	64
69	10
294	331
0	12
44	4
258	67
274	258
67	16
0	240
161	113
430	26
226	304
400	296
109	24
202	48
262	0
42	448
0	228
144	132
36	282
30	434
176	280
42	336
9	16
149	53
419	60
492	274
290	98
38	193
129	17
131	41
38	347
321	257
97	460
292	6
13	89
3	396
384	22
65	32
173	202
163	282
160	258
0	135
70	328
196	330
288	259
264	219
334	153
415	102
6	16
256	128
136	74
77	283
49	112
104	272
441	256
152	136
64	272
65	144
212	4
376	0
276	68
417	401
8	0
442	22
66	53
17	273
416	292
129	132
258	40
98	197
384	264
262	90
264	21
22	160
306	319
457	338
100	91
225	17
202	193
290	18
301	173
206	146
274	215
206	1
53	280
42	176
32	0
335	9
427	148
17	154
0	128
392	5
206	400
148	13
256	74
352	290
272	160
109	0
49	9
26	88
12	64
62	300
213	84
210	104
291	274
92	24
35	164
19	194
102	96
66	80
36	64
267	64
0	48
256	324
0	450
282	120
4	320
184	179
48	289
64	5
416	294
176	227
454	105
163	10
27	64
37	108
32	145
354	67
26	67
264	182
40	252
113	140
288	424
69	257
128	149
276	27
354	164
349	90
394	308
7	147
32	2
144	16
262	4
384	144
72	0
384	66
240	130
258	30
409	496
108	322
307	193
389	377
4	27
91	0
7	168
118	71
36	0
80	341
256	4
448	75
24	259
393	32
178	160
10	210
416	120
58	348
12	9
206	96
50	425
197	222
33	212
6	128
169	288
25	20
40	102
97	185
352	144
0	98
456	4
13	1
260	26
7	2
1	128
246	1
97	423
17	4
1	288
421	165
84	296
31	13
217	338
69	466
309	17
137	100
9	150
257	36
164	392
209	278
137	392
64	156
130	233
392	401
419	148
208	482
237	323
350	85
208	278
32	290
162	76
35	0
117	29
144	449
326	289
389	163
322	418
353	8
49	4
60	41
9	33
32	353
0	272
257	17
257	3
22	412
128	265
32	64
277	136
124	120
134	170
406	384
448	26
12	400
392	228
257	354
161	217
259	96
51	64
98	32
454	258
123	8
62	368
136	32
320	303
23	142
346	152
281	5
4	315
5	135
192	8
1	44
162	72
1	136
17	2
20	489
14	80
48	6
295	16
7	288
8	110
496	138
201	144
64	100
317	352
384	91
138	112
129	81
228	35
422	262
190	337
72	338
321	90
388	320
320	83
84	194
353	197
304	256
304	169
457	32
357	71
294	385
480	207
227	24
44	438
5	1
48	344
272	14
8	22
133	128
202	349
424	18
305	201
194	4
152	258
61	384
176	100
36	354
412	66
130	106
345	42
144	114
66	37
21	338
278	120
256	160
360	416
64	17
1	273
309	146
321	136
384	396
369	205
273	457
10	166
193	72
104	11
0	266
134	154
17	110
9	128
64	165
211	259
25	256
84	120
448	10
164	50
304	241
309	199
17	200
289	66
367	145
58	0
0	34
114	80
505	256
242	257
318	233
404	456
68	39
1	233
498	144
0	313
157	208
299	148
248	256
64	212
369	324
216	1
385	176
164	66
96	280
197	240
324	48
420	22
261	400
1	354
80	8
448	416
0	416
325	416
68	208
33	480
88	312
130	313
145	178
405	62
32	259
198	146
68	41
100	90
10	98
160	74
66	154
325	244
264	256
20	54
260	384
263	137
139	162
286	290
16	9
297	0
219	130
196	257
181	212
8	368
96	33
256	69
283	128
450	69
139	14
256	42
379	10
290	334
103	14
398	128
143	75
273	116
32	24
352	128
176	72
174	161
8	257
52	329
147	72
160	296
322	234
388	48
266	90
322	1
202	100
197	114
134	5
300	32
328	288
436	41
256	161
454	261
145	337
262	136
256	296
114	108
161	20
2	404
274	139
36	354
18	70
40	435
201	484
6	128
5	256
432	400
104	202
218	60
141	1
6	269
136	26
292	16
0	296
16	128
396	6
17	6
342	0
85	68
308	6
316	448
454	24
266	41
352	99
193	21
4	178
264	172
192	8
26	8
162	264
20	372
8	274
68	200
272	38
24	16
136	496
63	8
200	386
30	280
97	36
160	23
468	0
460	164
177	203
33	267
98	10
67	17
34	30
156	49
5	394
275	77
288	300
131	260
364	151
24	354
424	386
129	40
55	96
475	392
258	0
64	256
7	3
28	260
227	8
304	426
240	37
120	280
256	294
24	146
302	166
8	160
144	165
397	129
162	32
140	128
160	385
11	264
484	449
34	470
20	368
256	142
338	82
96	74
5	292
24	388
280	261
10	348
74	69
88	136
472	308
280	20
45	200
450	0
308	417
38	277
464	160
387	26
229	4
336	172
0	3
388	186
64	321
391	285
171	261
261	144
120	88
90	44
130	28
104	11
418	300
424	74
158	407
140	129
42	264
16	226
18	262
25	70
76	2
233	153
34	72
320	128
453	36
260	1
324	106
164	64
52	24
1	384
273	170
296	1
322	465
32	392
0	1
264	136
144	4
218	141
376	269
76	7
262	81
0	267
320	272
336	310
64	16
401	135
88	64
145	189
258	417
10	130
16	9
264	265
81	399
2	39
9	40
160	66
77	418
25	128
83	212
0	97
9	64
165	138
290	16
150	52
144	147
18	178
192	185
160	282
5	360
16	208
0	27
200	80
113	449
312	67
256	224
9	84
384	65
145	460
401	355
16	362
396	260
11	69
424	276
140	24
64	338
276	330
13	146
4	322
36	4
134	26
104	212
289	83
218	142
114	12
336	265
448	128
12	280
43	211
260	292
443	259
8	304
131	12
278	200
4	40
36	82
386	450
168	18
0	199
101	8
5	67
42	64
124	308
484	70
11	392
16	82
96	111
465	389
25	368
195	64
17	84
452	272
32	16
11	98
1	320
42	224
290	28
145	151
66	35
46	16
26	128
32	134
400	268
189	38
289	424
385	135
132	37
136	88
34	239
70	289
16	107
29	197
257	392
273	304
388	64
48	65
191	98
311	130
115	133
448	293
369	66
134	260
296	257
146	19
198	68
429	32
8	132
48	32
272	32
418	48
124	128
69	36
256	217
128	425
45	192
176	330
35	18
468	258
102	36
324	264
321	194
66	212
0	81
128	272
354	409
64	132
24	388
387	418
281	96
125	82
88	256
417	68
261	414
361	411
273	106
296	336
401	176
196	4
177	266
1	55
34	1
355	256
472	257
340	192
384	3
500	185
497	1
332	49
161	387
428	10
320	402
32	151
179	96
261	69
65	276
104	38
161	336
323	24
97	128
153	50
200	199
8	369
4	6
132	160
390	289
294	32
297	74
280	18
168	377
84	365
37	141
228	1
32	4
171	8
152	280
277	70
258	90
273	262
1	465
467	18
450	64
358	246
290	91
8	21
145	292
192	400
285	388
389	21
257	324
267	274
139	104
11	173
19	2
327	321
64	10
196	84
297	257
28	35
258	452
21	130
16	70
201	136
276	257
452	192
12	1
0	32
32	8
257	82
1	135
258	245
6	70
276	130
206	32
214	160
384	44
2	202
257	18
116	305
128	2
145	267
180	320
107	86
192	261
0	417
72	50
289	248
296	460
132	3
199	297
75	2
9	64
453	130
160	33
197	263
17	209
387	97
280	4
114	34
138	276
259	46
36	163
130	257
112	432
73	96
320	88
337	82
305	128
1	164
7	448
152	330
116	69
44	301
10	118
104	8
120	313
388	386
29	13
384	228
77	320
406	113
336	11
48	149
112	3
110	89
64	43
455	18
317	98
164	130
145	70
9	213
385	34
174	14
270	273
32	303
282	262
421	459
205	4
344	29
196	296
148	257
370	0
259	128
65	137
214	96
226	128
385	312
168	323
325	65
90	169
0	339
13	264
5	313
258	129
204	384
4	73
128	389
176	270
65	140
8	262
50	11
82	8
72	324
275	104
208	359
385	12
77	134
416	203
321	0
1	321
72	32
385	36
148	162
178	14
426	192
404	80
292	320
331	96
317	8
57	41
132	256
133	64
36	192
10	161
35	20
12	322
133	62
160	0
284	355
35	408
4	84
144	299
130	88
0	194
303	194
76	312
81	288
75	8
386	200
2	352
0	39
33	390
128	12
6	151
298	98
40	3
314	324
202	332
384	33
192	258
264	136
296	8
80	128
256	136
0	9
134	214
185	161
4	136
449	135
145	32
34	98
80	64
64	294
14	100
368	50
52	0
81	362
34	281
150	131
136	27
68	177
192	40
6	5
116	301
196	68
10	400
10	152
337	273
19	68
321	401
32	325
103	44
48	288
24	1
15	299
72	160
32	400
8	60
132	264
297	2
98	136
138	98
64	289
33	99
321	16
194	4
41	166
138	328
0	230
124	177
16	113
70	200
224	135
81	269
132	326
394	110
65	0
163	3
205	458
192	358
58	2
280	192
433	0
162	160
163	160
100	89
128	8
24	153
77	419
1	197
384	7
208	2
54	0
3	329
402	32
8	296
312	150
449	280
8	241
64	328
131	416
20	290
134	28
0	464
43	274
24	68
301	80
321	272
474	83
20	264
32	0
320	324
2	50
20	344
56	148
8	2
283	137
482	138
132	457
144	0
342	426
310	257
16	119
68	448
193	149
12	440
141	16
148	8
66	36
56	386
8	421
162	481
196	25
144	16
145	146
144	15
261	320
185	42
224	382
6	81
138	97
294	164
84	400
23	183
308	368
129	256
208	324
18	40
313	36
135	7
137	64
272	396
258	401
40	308
206	258
202	32
428	232
234	161
12	256
259	1
5	192
72	12
304	3
209	393
0	448
136	212
260	108
186	33
212	277
66	264
320	4
299	107
0	224
24	193
0	8
4	265
87	208
25	282
69	435
209	17
363	215
128	194
74	432
502	452
240	129
480	424
202	32
139	100
68	70
258	160
80	0
66	384
128	427
256	260
336	136
273	170
36	0
2	96
359	161
139	132
3	22
321	65
272	81
8	406
278	20
196	0
64	388
259	12
194	130
53	64
132	18
176	16
262	145
209	80
137	192
174	42
174	264
12	144
323	55
17	16
304	8
49	259
0	68
390	38
51	204
163	130
490	260
69	427
77	26
208	482
133	8
90	279
257	326
344	6
136	148
269	162
248	1
3	98
152	132
68	290
32	144
400	80
260	437
320	57
16	4
164	65
4	295
283	321
25	155
1	44
57	259
145	34
198	306
235	353
97	4
41	82
34	155
131	25
23	467
424	38
173	245
123	296
113	288
184	50
333	232
264	65
96	410
265	256
64	321
326	13
257	1
6	352
176	68
50	214
272	3
31	98
392	164
132	50
168	262
18	210
100	24
293	67
454	128
31	396
130	98
268	146
211	125
33	256
72	259
16	175
321	68
145	450
34	10
7	64
208	26
138	305
371	24
480	139
162	270
55	133
257	268
82	386
264	16
248	400
72	48
266	112
261	0
262	113
104	72
144	418
97	77
408	16
27	224
266	274
268	93
72	416
384	165
420	0
8	284
40	6
190	356
176	56
118	64
92	2
328	134
256	416
42	274
257	384
419	20
64	0
262	88
63	0
96	268
148	129
168	82
386	136
80	40
72	181
2	148
408	136
261	0
294	196
186	44
208	284
80	19
206	150
369	4
393	152
32	36
261	10
2	261
281	340
63	128
18	9
6	128
288	266
281	160
60	193
227	41
21	23
184	272
267	37
145	2
133	32
321	312
1	390
40	297
493	272
224	64
16	36
144	278
449	106
156	449
90	9
456	385
398	120
128	37
128	322
37	425
147	291
136	135
128	256
80	393
452	320
56	472
168	386
296	132
304	10
0	23
259	160
3	68
324	12
46	256
101	38
0	58
262	256
176	424
181	147
308	200
6	308
112	140
0	8
150	296
12	87
292	466
145	362
268	393
209	5
1	35
261	288
323	144
180	28
121	266
68	129
77	267
464	35
208	489
148	82
88	113
4	24
409	192
246	179
195	262
8	328
19	426
11	42
0	242
494	21
4	272
194	290
375	145
354	339
194	400
8	192
40	134
32	425
116	0
305	154
4	61
332	258
80	64
256	278
132	97
16	64
300	89
230	257
64	193
96	92
16	42
419	502
400	464
95	322
76	100
320	6
67	394
394	199
326	331
403	392
56	431
390	396
208	48
64	32
55	217
268	158
64	12
64	69
40	97
34	258
2	48
21	182
2	20
450	2
286	448
309	0
281	4
411	336
74	265
266	120
0	167
0	68
132	90
16	5
128	78
332	192
298	128
99	193
100	84
153	288
44	256
257	18
19	351
4	165
134	128
36	99
448	0
71	208
81	88
320	333
371	4
496	70
32	306
303	244
114	64
136	135
72	375
27	440
465	256
212	64
113	166
137	180
320	425
486	256
256	173
3	140
335	131
64	14
64	2
130	302
135	76
1	25
394	387
313	4
64	124
212	484
339	67
436	272
73	136
75	192
304	312
53	4
204	64
424	111
360	144
2	207
396	96
333	176
299	129
10	0
23	392
32	423
86	4
34	38
64	32
6	16
4	116
266	65
30	76
120	176
296	76
53	0
18	392
490	48
204	41
292	34
22	36
34	224
270	386
348	402
317	154
224	102
220	9
72	16
320	4
21	52
36	246
130	69
68	42
472	153
65	83
42	137
36	450
33	248
194	300
138	276
46	356
32	100
150	321
10	272
0	135
405	320
282	369
282	42
18	70
214	8
19	146
0	130
274	160
136	258
0	128
127	256
473	458
20	448
386	366
183	3
198	58
133	235
304	18
353	219
84	32
9	260
128	437
36	163
77	405
132	64
122	480
266	8
256	132
4	285
3	202
37	60
0	183
456	36
136	110
311	71
7	283
131	40
36	356
140	9
304	72
196	140
416	301
192	266
173	9
48	290
64	70
1	259
66	309
264	224
68	297
12	274
290	11
168	408
306	201
307	388
271	20
328	348
6	386
448	269
152	71
181	3
387	5
298	16
43	289
152	64
392	0
129	392
152	6
192	482
320	197
181	85
145	288
277	290
1	140
228	82
278	258
308	63
73	146
321	163
203	313
1	482
165	288
326	321
136	12
175	324
296	32
132	269
132	290
489	481
429	75
324	153
129	398
291	91
52	148
0	393
273	384
275	64
6	161
304	294
11	36
281	49
10	199
160	16
94	161
104	138
300	52
84	306
25	140
4	67
259	133
91	419
0	428
172	80
109	76
3	363
0	160
262	226
31	0
421	50
129	86
6	264
74	98
4	166
84	464
60	320
36	50
51	287
133	70
118	336
371	200
0	386
78	32
166	36
193	384
297	165
5	20
131	480
260	7
227	398
258	129
24	11
266	282
194	141
176	298
298	48
385	98
272	417
264	258
132	288
24	480
282	68
38	98
256	96
136	298
38	27
221	24
2	105
265	4
140	40
40	130
11	140
148	0
192	10
64	301
369	100
71	76
64	276
48	165
88	208
128	112
384	391
69	67
294	232
16	136
278	5
316	280
289	281
236	36
291	2
4	422
5	264
