511	0
511	1
511	3
511	10
511	11
511	12
511	20
511	23
511	26
511	34
511	36
511	59
511	64
511	74
511	89
511	113
511	134
511	148
511	154
511	160
511	192
511	205
511	216
511	265
511	276
511	284
511	289
511	300
511	320
511	323
511	329
511	336
511	344
511	388
511	417
511	421
511	432
511	450
512	8
512	13
512	24
512	31
512	35
512	40
512	42
512	51
512	64
512	66
512	68
512	72
512	77
512	80
512	116
512	128
512	130
512	134
512	136
512	140
512	159
512	177
512	200
512	225
512	244
512	256
512	268
512	277
512	292
512	297
512	308
512	322
512	385
512	418
513	0
513	16
513	28
513	37
513	48
513	68
513	70
513	76
513	87
513	94
513	100
513	104
513	128
513	160
513	196
513	260
513	268
513	283
513	304
513	326
513	338
513	384
513	392
513	418
513	464
513	497
514	0
514	2
514	3
514	12
514	17
514	18
514	19
514	33
514	34
514	72
514	105
514	130
514	140
514	147
514	148
514	168
514	208
514	227
514	259
514	260
514	304
514	305
514	320
514	403
514	432
514	460
514	488
515	1
515	8
515	17
515	21
515	22
515	28
515	49
515	85
515	106
515	112
515	115
515	120
515	155
515	162
515	194
515	197
515	256
515	264
515	290
515	321
515	416
515	488
516	0
516	16
516	18
516	20
516	41
516	66
516	71
516	72
516	76
516	138
516	142
516	154
516	185
516	192
516	258
516	259
516	260
516	278
516	294
516	299
516	324
516	386
516	452
516	464
517	35
517	65
517	104
517	166
517	176
517	194
517	268
517	328
517	352
518	0
518	8
518	30
518	68
518	162
518	176
518	272
518	291
518	355
518	421
519	3
519	8
519	11
519	32
519	34
519	37
519	89
519	113
519	128
519	142
519	202
519	256
519	278
519	305
519	320
519	336
519	354
519	355
519	388
519	486
520	1
520	10
520	13
520	16
520	20
520	120
520	215
520	242
520	260
520	324
520	326
520	338
520	496
521	3
521	8
521	16
521	18
521	19
521	27
521	40
521	70
521	80
521	89
521	128
521	129
521	134
521	138
521	265
521	268
521	344
521	385
522	7
522	51
522	170
522	185
522	336
523	0
523	12
523	13
523	36
523	68
523	257
523	264
523	273
523	323
523	432
524	4
524	34
524	72
524	130
524	134
524	178
524	272
524	333
524	402
524	424
524	432
525	5
525	6
525	9
525	33
525	66
525	128
525	147
525	277
525	403
526	16
526	32
526	66
526	100
526	256
527	0
527	4
527	34
527	64
527	65
527	76
527	123
527	136
527	137
527	198
527	202
527	262
527	266
527	269
528	0
528	8
528	19
528	20
528	27
528	32
528	71
528	144
528	156
528	176
528	187
528	189
528	194
528	217
528	234
528	288
528	293
528	308
528	385
528	386
528	482
528	500
529	1
529	2
529	5
529	12
529	20
529	270
529	273
529	431
530	0
530	4
530	52
530	67
530	75
530	90
530	116
530	146
530	265
530	305
530	387
530	416
530	450
531	4
531	24
531	44
531	48
531	72
531	107
531	128
531	147
531	161
531	194
531	228
531	276
531	277
531	416
532	8
532	18
532	51
532	85
532	112
532	114
532	146
532	227
532	260
532	311
533	0
533	3
533	101
533	129
533	134
533	146
533	188
533	257
533	260
533	329
534	32
534	98
534	394
535	0
535	35
535	71
535	135
535	328
535	386
535	404
535	448
536	20
536	37
536	41
536	58
536	64
536	96
536	131
536	137
536	144
536	208
536	263
536	274
537	0
537	140
537	196
537	200
537	209
537	230
537	273
537	300
537	320
537	481
538	32
538	33
538	73
538	264
539	2
539	83
539	112
539	272
540	0
540	34
540	53
541	65
541	131
541	214
541	388
542	89
543	0
543	1
543	4
543	12
543	16
543	27
543	32
543	34
543	47
543	72
543	132
543	148
543	188
543	208
543	256
543	269
543	278
543	290
543	388
543	392
543	420
543	450
543	502
544	4
544	16
544	18
544	48
544	49
544	51
544	56
544	64
544	68
544	77
544	134
544	144
544	197
544	200
544	256
544	266
544	267
544	270
544	301
544	396
544	420
544	488
545	0
545	2
545	48
545	66
545	69
545	130
545	134
545	138
545	141
545	148
545	188
545	204
545	261
545	278
545	296
545	320
545	375
546	16
546	17
546	19
546	41
546	133
546	149
546	304
546	432
547	73
547	134
547	138
547	140
547	141
547	142
547	192
547	256
547	260
547	281
547	305
547	362
547	452
548	0
548	36
548	38
548	149
548	205
548	275
548	291
548	309
549	4
549	7
549	10
549	141
549	145
549	152
549	184
549	458
550	0
550	17
550	66
550	205
550	359
550	398
550	448
551	2
551	16
551	18
551	59
551	112
551	192
551	224
551	259
551	301
551	362
551	424
552	0
552	10
552	132
552	144
553	2
553	32
553	33
553	56
553	136
553	146
553	157
553	290
553	433
555	88
555	128
556	8
556	40
556	41
556	89
556	128
556	212
556	242
556	288
556	295
557	0
557	48
557	308
557	330
557	434
558	21
558	284
559	0
559	21
559	32
559	72
559	112
559	160
559	166
559	224
559	266
559	272
559	320
559	352
559	418
560	2
560	26
560	44
560	51
560	64
560	81
560	91
560	155
560	504
561	1
561	7
561	13
561	24
561	33
561	458
562	12
562	37
562	107
563	34
563	209
563	328
563	332
563	345
563	488
564	4
564	8
564	33
564	136
564	267
564	464
565	2
565	3
565	16
565	32
565	42
565	263
565	272
565	288
565	426
566	104
567	64
567	104
567	233
567	299
568	0
568	1
568	80
568	83
568	257
568	258
568	284
568	339
569	80
569	208
570	97
570	98
571	128
571	164
572	220
573	109
573	292
573	401
575	4
575	66
575	72
575	98
575	128
575	136
575	141
575	145
575	172
575	256
575	258
575	339
575	352
575	359
575	388
575	432
575	448
575	466
576	7
576	8
576	13
576	17
576	18
576	30
576	32
576	38
576	65
576	84
576	104
576	124
576	156
576	288
576	292
576	323
576	328
576	412
576	469
576	474
577	1
577	10
577	53
577	58
577	73
577	92
577	129
577	159
577	167
577	176
577	330
577	344
577	366
577	393
577	472
578	0
578	29
578	99
578	105
578	109
578	348
578	365
578	422
578	424
578	430
578	448
579	0
579	26
579	40
579	45
579	68
579	196
579	328
579	400
579	453
580	42
580	81
580	116
580	132
580	361
581	3
581	5
581	8
581	12
581	33
581	197
581	406
582	37
582	73
582	166
582	183
582	219
582	257
582	386
582	400
583	6
583	25
583	134
583	196
583	260
583	291
583	386
584	0
584	44
584	188
584	208
584	266
584	274
584	322
584	402
585	0
585	14
585	70
585	114
585	131
585	160
585	180
585	272
585	273
585	321
585	339
586	28
586	35
586	227
586	332
586	352
586	400
587	0
587	2
588	0
588	14
588	20
588	98
588	146
588	383
589	18
589	32
589	137
589	145
589	258
590	192
591	13
591	16
591	17
591	345
592	2
592	3
592	8
592	25
592	32
592	65
592	96
592	106
592	151
592	187
592	209
592	225
592	261
592	291
592	470
593	4
593	11
593	34
593	108
593	125
593	256
593	257
593	268
593	337
593	386
594	119
594	128
594	204
594	261
594	272
594	352
595	2
595	5
595	8
595	15
595	42
595	73
595	83
595	99
595	106
595	115
595	148
595	224
595	322
595	480
596	192
597	33
598	18
598	44
598	64
598	80
599	16
599	256
600	0
600	52
600	82
600	312
600	336
601	148
603	52
603	116
604	1
604	17
604	24
604	136
604	288
605	82
605	338
606	36
606	453
607	9
607	14
607	32
607	40
607	51
607	64
607	72
607	73
607	78
607	96
607	202
607	228
607	323
607	456
608	1
608	2
608	9
608	48
608	96
608	98
608	109
608	163
608	277
608	317
608	427
608	481
609	16
609	32
609	102
609	108
609	256
609	276
609	290
609	292
609	384
609	403
610	73
611	1
611	19
611	23
611	87
611	260
611	336
611	425
612	12
612	16
612	58
612	66
612	68
612	70
612	112
612	296
613	258
613	273
613	306
613	329
614	352
615	6
615	24
615	32
615	82
615	88
615	105
616	8
616	37
616	134
616	161
616	169
616	197
616	208
616	371
616	470
617	0
617	10
617	371
617	464
618	32
618	274
618	436
619	5
619	66
619	265
619	269
619	297
620	18
620	33
620	94
621	85
621	137
621	265
621	312
622	416
623	45
623	149
624	104
624	289
625	276
626	135
626	285
627	4
627	18
627	56
627	64
627	66
628	66
628	96
628	337
629	2
630	490
631	130
631	152
631	487
632	16
632	100
632	129
633	394
634	128
634	291
635	256
636	332
637	428
639	0
639	11
639	20
639	25
639	65
639	66
639	70
639	90
639	135
639	141
639	142
639	144
639	157
639	174
639	176
639	177
639	194
639	259
639	322
639	344
639	385
639	392
639	424
639	448
640	0
640	3
640	4
640	6
640	8
640	17
640	48
640	67
640	99
640	133
640	134
640	139
640	141
640	142
640	152
640	210
640	256
640	264
640	272
640	276
640	280
640	291
640	324
640	332
640	453
640	467
641	0
641	12
641	17
641	32
641	40
641	51
641	73
641	87
641	103
641	104
641	189
641	192
641	267
641	276
641	277
641	321
642	2
642	24
642	26
642	109
642	256
642	257
642	297
642	299
643	0
643	2
643	48
643	71
643	92
643	124
643	136
643	160
643	161
643	194
643	212
643	271
643	280
643	304
643	331
643	368
644	0
644	24
644	66
644	114
644	132
644	197
644	305
644	358
644	445
645	28
645	108
645	128
645	144
645	193
645	224
646	22
646	64
646	294
646	396
647	1
647	4
647	5
647	6
647	14
647	22
647	64
647	85
647	128
647	146
647	192
647	197
647	248
647	256
647	270
647	322
647	405
648	2
648	33
648	50
648	114
648	206
648	257
648	262
649	1
649	13
649	24
649	94
649	156
649	200
649	272
650	1
650	18
650	24
650	51
650	64
650	257
650	428
650	465
651	61
651	64
651	96
651	162
651	272
652	23
652	32
652	87
652	152
652	328
653	37
653	96
653	164
653	292
654	33
654	72
654	153
654	166
654	197
655	0
655	8
655	16
655	80
655	113
655	131
655	256
655	289
655	290
655	386
656	6
656	9
656	25
656	65
656	130
656	256
656	263
656	292
656	340
657	0
657	8
657	33
657	49
657	74
657	207
657	224
657	258
657	272
657	290
657	296
658	0
658	10
658	39
658	128
658	138
658	256
658	320
658	328
658	432
659	5
659	32
659	97
659	128
659	180
659	264
659	267
660	48
661	5
661	32
661	64
661	139
661	460
662	7
662	258
663	268
663	322
664	96
664	135
664	138
664	273
664	438
665	454
666	21
666	151
666	171
666	288
667	168
667	289
668	1
668	20
669	130
671	1
671	13
671	26
671	76
671	92
671	136
671	145
671	273
671	296
671	344
671	450
672	14
672	18
672	84
672	270
672	304
672	321
672	324
672	429
673	0
673	8
673	16
673	18
673	64
673	72
673	133
673	140
673	161
673	193
673	410
673	464
673	500
674	1
674	39
674	154
674	221
674	258
674	322
674	361
675	41
675	192
675	310
676	0
677	16
677	80
677	183
678	205
679	129
679	260
680	16
680	23
680	58
680	89
680	257
680	330
681	78
681	256
682	16
682	88
683	4
683	67
683	140
683	291
683	317
683	320
683	398
684	68
684	169
685	323
687	20
687	50
687	290
687	450
688	104
688	258
688	306
688	367
689	12
689	170
689	289
689	404
690	56
690	195
691	43
691	76
691	128
691	264
692	68
692	104
692	130
692	320
693	1
693	50
693	260
694	266
695	18
695	80
695	128
695	157
695	181
696	80
696	130
696	137
696	266
696	356
697	84
697	264
698	8
698	57
699	99
699	408
700	130
701	37
701	138
701	268
703	1
703	13
703	22
703	100
703	194
703	202
703	234
703	257
703	288
703	332
704	24
704	28
704	130
704	135
704	191
704	267
704	297
704	425
704	461
705	0
705	11
705	386
706	54
706	72
706	98
706	131
706	142
706	321
706	328
706	400
706	489
707	33
707	113
707	121
707	148
707	266
707	446
708	284
709	37
709	129
709	344
709	353
710	0
711	8
711	70
711	197
711	278
711	296
711	303
711	453
712	302
712	450
713	12
713	16
714	3
714	362
714	424
716	50
716	260
716	500
717	137
717	154
717	280
718	256
718	392
719	28
719	132
720	4
720	16
721	0
721	20
721	23
721	78
721	137
721	173
722	430
723	6
723	9
723	96
723	161
723	195
724	233
726	32
726	272
727	133
727	158
727	180
727	262
727	288
727	309
728	0
728	96
728	196
728	256
729	256
729	270
729	321
731	32
731	69
731	272
732	21
735	85
735	135
735	407
736	0
736	274
736	309
737	10
737	209
739	38
739	68
739	416
740	288
741	93
741	330
742	402
743	129
743	148
744	34
744	335
745	9
745	33
748	401
750	0
751	12
751	40
751	84
752	0
752	137
753	129
753	141
754	282
755	128
756	17
756	138
756	257
756	457
757	208
759	0
759	357
760	162
761	47
761	192
762	163
763	8
765	2
765	261
767	0
767	9
767	10
767	16
767	22
767	32
767	33
767	61
767	66
767	116
767	128
767	137
767	138
767	147
767	160
767	185
767	222
767	242
767	332
767	427
767	434
767	449
768	4
768	10
768	64
768	72
768	90
768	128
768	139
768	142
768	200
768	232
768	256
768	266
768	309
768	324
768	384
769	2
769	4
769	6
769	8
769	22
769	36
769	93
769	101
769	128
769	130
769	261
769	270
769	290
769	320
769	322
769	385
769	388
770	0
770	32
770	128
770	132
770	161
770	197
770	208
770	256
770	260
770	385
771	0
771	8
771	17
771	33
771	80
771	96
771	145
771	264
771	288
771	299
771	320
771	325
772	0
772	10
772	16
772	39
772	44
772	48
772	196
772	327
772	393
773	24
773	76
773	125
773	130
773	141
773	389
773	481
774	7
774	41
774	42
774	259
774	289
775	6
775	30
775	34
775	101
775	128
775	132
775	164
775	179
775	282
775	336
775	404
776	12
776	48
776	72
776	96
776	140
776	199
776	259
776	260
776	348
776	419
777	17
777	24
777	44
777	65
777	68
777	131
777	148
777	256
777	448
778	4
778	42
778	67
778	192
778	204
778	242
779	7
779	84
779	130
779	294
780	37
780	40
780	352
781	2
781	4
781	268
781	294
782	39
782	49
782	322
783	0
783	12
783	24
783	133
783	141
783	321
784	36
784	41
784	42
784	93
784	107
784	135
784	264
784	324
785	0
785	2
785	81
785	139
785	196
785	345
785	376
785	384
786	10
786	192
786	272
786	274
787	32
787	206
787	218
788	21
788	114
788	186
788	194
788	258
789	34
789	72
789	241
789	394
790	65
790	66
790	133
790	152
791	25
791	26
791	109
791	260
791	261
791	294
791	326
791	496
792	256
792	400
793	1
793	80
793	97
793	128
793	138
793	230
793	257
794	187
795	0
796	46
796	274
796	511
797	10
797	18
799	19
799	34
799	36
799	69
799	115
799	288
799	300
799	329
799	332
799	388
800	22
800	64
800	80
800	98
800	173
800	195
800	240
800	258
800	352
800	474
801	6
801	7
801	75
801	104
801	133
801	278
801	400
802	188
802	257
802	433
803	4
803	16
803	34
803	72
803	87
803	229
804	0
804	50
804	188
804	193
804	401
805	10
805	16
805	113
805	258
805	343
806	474
807	2
807	20
807	50
807	82
807	315
807	355
808	8
808	56
808	72
808	104
808	260
808	297
808	410
809	23
809	129
809	320
810	4
811	11
811	36
811	268
812	12
812	97
814	10
815	5
815	8
815	224
815	256
815	366
816	0
816	2
816	4
816	8
816	40
816	63
816	69
816	145
816	146
816	201
816	406
816	408
817	3
817	9
817	16
817	82
817	229
817	352
818	130
819	0
819	1
819	9
819	69
819	109
819	140
819	153
819	285
821	35
821	281
822	61
822	130
823	96
824	0
824	54
824	290
824	352
824	420
825	133
825	322
827	13
829	60
830	290
831	0
831	1
831	2
831	19
831	261
831	330
831	336
831	344
831	369
831	416
832	5
832	170
832	291
832	448
833	2
833	17
833	64
834	162
834	277
834	452
835	20
835	40
835	180
836	6
836	72
836	478
837	6
837	64
837	68
837	126
838	24
838	240
839	278
839	340
840	2
840	37
840	112
840	277
841	273
842	4
842	42
842	80
842	394
843	1
843	16
843	80
843	296
843	304
843	452
845	160
845	246
845	460
846	280
847	25
847	128
847	136
847	266
847	271
848	0
848	146
848	189
849	1
849	65
849	120
849	133
849	135
850	13
850	49
850	81
850	384
851	5
851	22
851	58
851	121
851	194
851	208
852	13
852	17
853	16
853	36
853	220
853	422
855	1
855	18
856	101
856	170
856	307
856	308
856	417
857	5
857	75
857	82
857	137
858	441
859	163
859	205
860	217
860	306
861	188
861	386
863	52
863	80
863	92
863	150
863	304
863	399
864	0
864	50
864	83
864	204
864	236
865	134
866	8
866	49
866	114
866	137
866	242
866	258
867	233
869	0
869	257
869	382
871	90
871	312
872	5
872	82
874	352
875	171
875	289
875	298
876	0
876	68
876	197
876	288
877	8
877	141
879	11
879	136
879	288
879	337
880	24
880	32
880	83
880	146
881	16
881	288
882	65
882	96
882	160
883	0
884	256
884	268
885	16
886	36
888	81
888	403
889	41
889	266
891	24
894	46
895	0
895	12
895	16
895	22
895	32
895	68
895	170
895	260
895	278
895	384
895	391
896	2
896	9
896	105
896	117
896	160
896	184
896	196
896	230
896	260
896	352
897	16
897	128
897	144
897	164
897	180
897	264
897	275
897	364
897	394
898	26
898	78
898	264
898	320
898	322
898	346
899	8
899	24
899	49
899	72
899	80
899	134
899	177
899	209
899	212
899	411
900	10
900	90
900	98
900	136
900	356
900	416
901	10
901	24
901	361
903	96
903	130
903	140
903	204
903	206
903	394
904	19
904	66
904	139
904	163
904	220
904	310
904	384
904	390
904	428
905	140
905	214
906	2
906	32
906	154
906	426
907	38
907	45
908	22
908	50
908	265
908	325
909	116
909	128
909	296
909	436
911	4
911	53
911	72
911	216
911	288
911	392
912	64
912	72
912	161
912	258
913	12
913	18
913	21
913	265
913	348
913	411
915	20
915	128
915	144
915	196
917	16
918	386
919	0
919	228
920	121
920	202
922	15
923	208
925	4
925	32
926	8
926	409
927	2
927	32
927	96
927	188
927	192
927	291
927	352
927	358
928	0
928	28
928	172
928	260
928	300
928	418
929	286
929	338
929	496
930	81
931	0
931	224
931	230
931	364
933	8
933	26
934	168
934	176
934	269
934	340
934	401
935	0
935	72
935	80
935	83
935	284
936	11
936	109
936	391
937	150
937	290
937	407
939	161
940	30
943	68
943	320
944	65
944	234
945	226
946	20
946	30
946	148
950	257
951	18
953	16
956	67
956	80
958	3
959	15
959	21
959	64
959	224
960	23
960	32
960	39
960	46
960	225
960	300
960	307
961	34
961	299
962	335
962	349
962	492
963	72
963	258
963	290
963	296
964	36
965	64
965	259
966	50
966	65
967	0
967	17
967	21
967	48
967	70
967	276
968	40
968	412
969	309
971	12
971	161
971	222
971	394
973	8
973	133
975	9
975	72
975	138
977	369
978	261
979	264
980	382
984	44
985	257
989	276
990	128
990	224
991	159
991	168
992	99
992	164
993	18
993	205
993	256
993	272
994	29
995	16
995	96
995	156
996	484
998	11
999	7
999	24
999	284
1000	36
1000	88
1001	264
1007	417
1009	166
1009	266
1010	133
1012	96
1014	140
1020	469
1021	204
0	511
0	513
0	514
0	515
0	516
0	517
0	519
0	521
0	529
0	531
0	534
0	538
0	541
0	545
0	549
0	551
0	555
0	576
0	580
0	584
0	585
0	587
0	594
0	596
0	600
0	611
0	612
0	644
0	647
0	648
0	650
0	652
0	655
0	657
0	690
0	696
0	712
0	727
0	729
0	744
0	752
0	771
0	780
0	786
0	788
0	792
0	805
0	819
0	827
0	835
0	840
0	841
0	851
0	865
0	880
0	901
0	938
0	939
0	949
0	950
0	960
1	511
1	512
1	517
1	524
1	527
1	529
1	530
1	534
1	542
1	547
1	553
1	579
1	607
1	616
1	636
1	640
1	649
1	653
1	673
1	675
1	676
1	681
1	684
1	688
1	705
1	723
1	777
1	788
1	800
1	802
1	807
1	832
1	867
1	895
1	900
1	914
1	969
2	511
2	514
2	515
2	519
2	520
2	560
2	567
2	575
2	591
2	607
2	610
2	615
2	616
2	627
2	635
2	640
2	650
2	711
2	764
2	767
2	768
2	769
2	770
2	778
2	791
2	796
2	868
2	906
2	968
3	511
3	523
3	528
3	544
3	547
3	555
3	573
3	579
3	584
3	592
3	595
3	712
3	769
3	796
3	847
3	899
4	511
4	519
4	524
4	527
4	531
4	568
4	604
4	647
4	648
4	665
4	681
4	713
4	723
4	746
4	767
4	770
4	778
4	839
4	851
4	908
4	934
4	942
5	535
5	546
5	600
5	640
5	663
5	668
5	671
5	675
5	677
5	769
5	784
5	785
5	815
5	837
5	869
6	511
6	513
6	529
6	533
6	536
6	543
6	560
6	568
6	577
6	578
6	624
6	640
6	649
6	652
6	674
6	776
6	788
6	799
7	545
7	578
7	580
7	683
7	815
7	909
8	511
8	512
8	513
8	521
8	527
8	532
8	542
8	583
8	585
8	611
8	613
8	629
8	639
8	642
8	749
8	762
8	780
8	785
8	847
8	849
8	855
8	864
8	865
8	896
8	901
8	932
8	965
8	971
8	1000
9	562
9	619
9	643
9	672
9	698
9	712
9	792
9	808
9	879
9	963
10	527
10	533
10	547
10	582
10	642
10	713
10	739
10	769
10	793
10	816
10	905
10	917
11	514
11	534
11	659
11	896
11	900
11	918
11	987
12	511
12	514
12	516
12	518
12	551
12	581
12	595
12	596
12	597
12	628
12	640
12	708
12	723
12	780
12	865
12	881
12	903
13	571
13	582
13	620
13	672
13	799
13	843
14	726
14	942
15	513
15	640
15	770
15	908
16	523
16	528
16	531
16	537
16	545
16	547
16	576
16	608
16	630
16	656
16	659
16	684
16	703
16	734
16	768
16	775
16	778
16	801
16	832
16	835
16	838
16	866
16	880
16	891
16	913
16	925
17	537
17	543
17	552
17	566
17	575
17	576
17	628
17	642
17	650
17	738
17	779
17	897
17	960
18	511
18	514
18	518
18	519
18	537
18	538
18	589
18	640
18	665
18	901
18	918
18	972
19	524
19	545
19	586
19	599
19	641
19	656
20	512
20	513
20	516
20	521
20	529
20	550
20	590
20	615
20	703
20	788
20	800
20	835
20	845
20	895
20	899
20	913
20	929
20	959
21	512
21	532
21	560
21	591
21	795
21	912
22	511
22	529
22	551
22	554
22	557
22	579
22	608
22	647
22	683
22	687
22	690
22	733
22	812
23	591
23	658
23	739
23	776
23	961
23	1000
24	512
24	528
24	535
24	538
24	560
24	617
24	643
24	650
24	663
24	676
24	769
24	787
24	812
24	867
24	908
24	911
25	543
25	548
25	577
25	657
25	672
25	730
25	960
26	543
26	768
26	962
26	994
27	513
27	544
27	607
28	515
28	532
28	563
28	673
28	684
28	816
28	867
28	964
29	514
29	546
29	556
29	584
29	655
30	777
31	961
32	512
32	523
32	524
32	528
32	547
32	559
32	591
32	625
32	640
32	643
32	657
32	665
32	671
32	675
32	704
32	710
32	767
32	783
32	786
32	804
32	827
32	837
32	871
32	911
32	1016
33	512
33	524
33	543
33	544
33	548
33	553
33	577
33	673
33	735
33	777
33	863
33	934
34	519
34	545
34	552
34	561
34	566
34	589
34	671
34	680
34	682
34	727
34	794
34	799
34	816
35	528
35	584
35	678
35	705
35	783
35	800
35	903
35	905
36	554
36	589
36	639
36	662
36	663
36	671
36	672
36	768
36	773
36	777
36	794
36	799
36	809
36	837
36	912
36	928
36	967
36	1001
37	514
37	515
37	535
37	575
37	582
37	631
37	643
37	706
37	1005
38	516
38	530
38	577
38	640
38	643
38	730
38	801
38	885
39	511
39	544
39	554
39	642
39	672
39	707
39	832
39	848
40	511
40	525
40	554
40	589
40	599
40	608
40	623
40	660
40	679
40	688
40	768
40	775
40	786
40	791
40	796
40	811
40	837
40	838
40	847
41	516
41	576
41	655
41	672
41	675
41	788
41	885
42	512
42	548
42	552
42	575
42	769
42	779
42	896
42	905
43	511
43	795
44	782
44	841
44	906
45	649
45	671
45	677
45	791
46	512
46	650
46	722
46	988
47	511
48	512
48	517
48	520
48	522
48	545
48	579
48	607
48	617
48	642
48	684
48	695
48	716
48	799
48	823
48	835
48	880
48	972
49	531
49	619
49	811
49	852
49	889
49	900
50	535
50	540
50	569
50	575
50	581
50	591
50	609
50	615
50	669
50	703
50	772
50	778
50	851
50	903
50	920
50	932
51	562
51	585
51	745
51	769
51	831
51	842
51	896
52	512
52	520
52	521
52	527
52	531
52	576
52	608
52	656
52	673
52	749
52	795
53	514
53	545
53	675
53	796
54	518
54	771
54	784
54	806
54	849
54	947
55	520
55	897
56	512
56	530
56	545
56	578
56	622
56	788
56	815
56	896
56	897
56	983
56	991
57	524
57	553
57	737
57	816
57	888
58	769
58	770
58	801
58	819
58	931
58	948
59	662
60	523
60	723
61	588
62	512
62	802
64	513
64	517
64	550
64	554
64	562
64	576
64	604
64	605
64	612
64	639
64	640
64	671
64	672
64	706
64	714
64	733
64	756
64	761
64	783
64	784
64	785
64	786
64	851
64	903
64	992
65	511
65	529
65	544
65	547
65	551
65	575
65	576
65	578
65	580
65	596
65	643
65	735
65	785
65	793
65	815
65	840
65	908
66	521
66	543
66	544
66	600
66	605
66	639
66	642
66	676
66	678
66	761
66	775
66	803
66	834
66	840
66	956
67	552
67	660
67	712
67	771
67	843
67	905
67	987
67	1000
68	517
68	521
68	541
68	579
68	581
68	608
68	649
68	651
68	675
68	677
68	710
68	712
68	713
68	754
68	791
68	867
68	883
68	951
69	531
69	546
69	575
69	645
69	684
69	775
69	777
69	780
70	562
70	575
70	596
70	607
70	611
70	697
70	834
70	842
70	860
70	1007
71	769
71	813
72	511
72	514
72	527
72	546
72	578
72	590
72	600
72	607
72	685
72	716
72	800
72	932
72	951
72	975
73	530
73	589
73	652
73	903
73	992
74	511
74	520
74	526
74	537
74	550
74	582
74	946
75	524
75	527
75	531
75	591
75	594
75	641
75	679
75	896
75	898
75	904
76	555
76	588
76	660
76	770
76	815
76	911
76	983
77	512
77	587
77	641
77	749
77	767
77	964
78	544
78	599
78	615
78	641
78	660
78	767
78	805
78	930
79	538
79	901
80	511
80	516
80	525
80	569
80	618
80	622
80	639
80	647
80	673
80	678
80	717
80	785
80	831
80	837
80	847
80	865
80	901
81	520
81	545
81	548
81	553
81	579
81	771
82	521
82	642
82	644
82	659
82	767
82	934
83	512
83	516
83	523
83	596
83	779
83	785
83	908
83	963
84	523
84	535
84	579
84	640
84	784
84	786
84	796
84	962
84	967
85	512
85	514
85	521
85	593
85	852
85	962
86	511
86	610
86	620
87	645
87	864
88	751
88	804
88	945
88	961
89	521
89	596
89	602
89	682
89	779
89	843
90	520
90	560
90	693
90	793
90	895
90	910
90	967
91	521
91	588
91	830
92	535
92	586
93	535
93	575
93	580
93	630
93	960
94	909
95	608
95	865
96	511
96	514
96	520
96	534
96	536
96	544
96	551
96	567
96	576
96	648
96	657
96	690
96	707
96	751
96	774
96	820
96	857
96	949
96	991
97	511
97	527
97	538
97	664
97	767
97	768
97	769
97	897
97	937
98	608
98	627
98	642
98	643
98	792
98	908
98	913
98	917
99	547
99	640
99	859
99	928
100	511
100	514
100	516
100	518
100	529
100	537
100	584
100	591
100	616
100	961
101	561
101	801
101	929
101	933
102	511
102	513
102	517
102	529
102	597
102	650
102	851
103	985
104	520
104	543
104	609
104	749
104	840
104	882
104	898
104	900
105	776
106	513
106	682
106	845
107	777
108	709
108	808
108	832
108	852
108	895
109	723
109	800
110	784
110	847
112	529
112	546
112	552
112	575
112	600
112	735
112	768
112	794
113	544
113	559
113	783
113	863
114	628
114	810
115	545
115	546
116	515
116	547
116	560
116	587
116	644
116	769
116	856
116	935
117	523
117	575
117	810
118	515
118	549
118	684
118	767
120	533
120	545
120	552
120	599
120	624
120	772
120	991
121	512
121	553
121	576
122	824
124	516
124	520
124	608
124	768
124	1000
126	528
127	512
128	520
128	527
128	530
128	531
128	541
128	544
128	549
128	559
128	596
128	615
128	639
128	656
128	662
128	673
128	677
128	772
128	775
128	806
128	809
128	831
128	846
128	853
128	863
128	892
128	896
128	897
128	915
128	959
128	991
129	511
129	512
129	553
129	578
129	679
129	708
129	713
129	810
129	832
129	843
129	975
129	1018
130	517
130	529
130	539
130	555
130	563
130	592
130	599
130	607
130	680
130	692
130	707
130	767
130	783
130	795
130	825
130	967
131	594
131	631
131	640
131	659
131	700
131	739
131	788
131	917
132	526
132	544
132	548
132	593
132	619
132	622
132	640
132	646
132	657
132	701
132	725
132	768
132	831
132	843
132	880
132	899
132	920
133	522
133	539
133	545
133	576
133	639
133	640
133	656
133	832
133	993
134	521
134	543
134	547
134	563
134	577
134	639
134	668
134	775
134	792
134	838
134	958
135	540
135	578
135	602
135	699
135	769
135	775
135	928
136	512
136	517
136	528
136	552
136	568
136	570
136	577
136	582
136	585
136	650
136	691
136	739
136	770
136	804
136	847
136	863
137	513
137	528
137	545
137	911
138	523
138	553
138	567
138	575
138	610
138	836
138	876
139	774
139	853
139	911
139	924
139	991
140	524
140	579
140	584
140	655
140	1011
141	511
141	642
141	733
141	898
141	921
142	524
142	769
143	639
144	514
144	515
144	521
144	525
144	532
144	543
144	560
144	562
144	576
144	579
144	582
144	593
144	603
144	608
144	623
144	629
144	639
144	643
144	772
144	776
144	779
144	800
144	835
144	842
144	847
144	867
144	908
145	521
145	524
145	536
145	608
145	646
145	662
145	731
145	757
145	771
146	524
146	664
148	575
148	577
148	672
148	703
148	919
149	514
149	582
149	703
149	800
150	530
150	576
150	837
150	907
151	511
152	511
152	513
152	522
152	548
152	609
152	655
152	767
152	835
153	626
153	725
153	880
154	512
154	555
154	600
154	613
154	657
154	787
155	511
156	700
156	885
157	657
160	511
160	519
160	647
160	649
160	654
160	664
160	807
160	818
160	856
160	880
160	902
160	926
161	515
161	584
161	692
161	803
162	512
162	523
162	548
162	627
162	828
162	907
162	933
163	563
163	767
163	849
164	548
164	563
164	672
164	706
164	767
164	930
165	511
165	532
165	612
166	586
166	807
166	863
167	688
168	537
168	623
168	640
168	641
168	657
168	685
168	752
168	821
169	571
169	610
170	544
170	547
170	624
170	703
171	517
172	543
172	560
172	569
172	575
172	655
172	836
173	981
174	696
174	714
174	893
176	511
176	527
176	528
176	700
176	815
176	817
176	825
177	511
178	771
178	832
179	543
179	583
179	592
180	617
180	899
180	912
180	977
181	514
181	526
181	535
181	818
182	544
182	628
183	516
184	639
185	767
185	768
185	847
186	559
186	615
186	641
186	705
186	875
188	804
190	612
190	628
190	918
190	933
191	552
192	516
192	541
192	575
192	580
192	602
192	632
192	649
192	677
192	758
192	767
192	872
192	896
192	930
193	706
193	786
193	867
194	512
194	516
194	525
194	535
194	609
194	703
194	757
194	973
195	517
195	713
196	527
196	644
197	525
197	674
197	756
198	545
198	583
198	777
198	900
199	520
199	630
200	512
200	525
200	551
200	601
200	656
200	684
200	712
200	780
201	520
201	617
201	687
201	692
201	767
202	523
202	677
202	836
202	905
203	528
203	750
203	959
204	555
204	773
205	551
205	584
205	895
206	561
206	575
206	832
208	512
208	528
208	571
208	644
208	655
208	712
208	867
208	965
209	517
209	543
209	575
209	607
209	933
210	671
210	679
210	749
212	511
212	555
212	561
212	576
212	708
213	863
214	528
214	553
216	518
216	531
216	645
216	768
216	780
216	848
219	586
220	944
224	541
224	561
224	720
224	733
224	770
224	771
224	776
225	554
225	773
225	848
225	930
226	514
226	534
226	781
227	527
228	536
228	597
228	648
228	680
228	836
228	965
229	527
229	647
230	589
231	619
231	805
232	551
232	643
232	703
232	928
233	573
233	716
234	536
234	639
234	655
235	755
235	779
236	549
236	672
236	709
236	776
237	881
238	706
238	793
239	900
240	648
241	528
241	849
242	519
242	534
242	833
243	514
246	568
246	589
248	565
248	710
250	535
255	527
256	511
256	522
256	531
256	533
256	545
256	552
256	563
256	576
256	584
256	594
256	596
256	600
256	616
256	639
256	640
256	642
256	659
256	671
256	675
256	683
256	778
256	783
256	806
256	811
256	823
256	843
256	897
256	902
256	903
256	945
257	513
257	518
257	531
257	564
257	646
257	694
257	732
257	842
257	858
257	907
258	513
258	514
258	515
258	516
258	523
258	534
258	571
258	637
258	642
258	677
258	710
258	794
258	831
258	927
259	531
259	576
259	627
259	674
259	675
259	781
259	804
260	511
260	513
260	519
260	521
260	527
260	531
260	537
260	552
260	561
260	586
260	604
260	643
260	647
260	655
260	667
260	726
260	728
260	804
260	835
260	868
260	920
261	520
261	524
261	533
261	576
261	620
261	665
261	782
261	786
261	834
262	802
262	823
262	832
263	529
263	546
263	610
263	672
263	767
263	873
264	513
264	532
264	565
264	569
264	577
264	587
264	593
264	597
264	666
264	671
264	707
264	779
264	801
264	854
264	896
264	909
265	527
265	536
265	663
265	721
265	775
265	838
265	900
265	904
265	944
266	511
266	513
266	521
266	541
266	545
266	807
266	959
266	974
267	683
267	703
268	515
268	532
268	592
268	643
268	647
268	703
268	714
268	881
268	981
269	523
269	534
269	723
270	545
270	591
270	853
270	898
270	904
270	991
272	512
272	518
272	545
272	558
272	639
272	650
272	684
272	710
272	812
272	837
273	528
273	533
273	577
273	623
273	824
274	513
274	544
274	548
274	642
274	647
274	676
274	701
274	711
274	769
274	771
274	778
274	841
274	869
274	901
275	527
275	557
275	575
275	576
276	578
276	644
276	663
276	705
276	736
276	773
276	798
276	801
276	897
276	914
277	627
277	644
277	646
277	785
278	521
278	533
278	547
278	962
279	514
279	800
280	519
280	530
280	568
280	578
280	599
280	767
280	793
280	992
281	650
282	531
282	577
282	648
282	697
282	833
283	517
283	555
283	668
283	673
283	711
283	787
284	579
284	609
284	640
284	648
285	705
286	520
286	536
286	944
287	800
288	517
288	522
288	523
288	548
288	584
288	601
288	611
288	629
288	664
288	707
288	770
288	795
288	861
288	915
289	511
289	516
289	534
289	542
289	546
289	561
289	583
289	770
289	771
289	790
290	513
290	552
290	578
290	585
290	621
290	699
290	802
290	810
290	931
291	584
291	622
291	643
291	815
291	832
291	978
292	514
292	517
292	558
292	804
293	547
293	575
293	698
294	746
294	772
295	591
296	514
296	560
296	592
296	656
296	777
296	932
296	964
297	521
297	673
297	786
297	991
298	545
298	720
300	528
300	704
300	735
301	640
301	643
302	576
303	882
304	532
304	533
304	561
304	675
304	837
305	516
305	527
305	641
305	707
305	724
305	1021
306	528
306	776
306	897
307	512
308	513
308	621
308	652
308	719
308	803
308	895
308	975
309	608
309	775
310	751
310	801
310	957
312	538
312	561
312	563
312	569
312	657
312	773
313	744
313	896
314	769
314	776
315	914
316	512
316	539
320	516
320	528
320	552
320	560
320	591
320	661
320	675
320	688
320	775
320	832
320	907
320	928
321	564
321	713
321	800
321	832
321	863
321	938
322	520
322	576
322	579
322	637
322	643
322	655
322	777
322	819
322	831
322	889
323	519
323	533
323	568
323	720
323	972
324	515
324	640
324	641
324	713
324	791
324	833
325	923
326	721
326	991
326	1013
327	572
328	539
328	544
328	679
328	769
328	784
328	899
328	915
328	967
328	977
329	511
330	675
330	800
331	531
332	611
332	642
332	644
332	770
332	775
332	845
332	897
334	520
334	672
334	776
335	922
336	579
336	607
336	616
336	665
336	704
336	705
336	744
336	767
336	832
336	838
336	840
337	543
337	563
337	612
337	640
337	657
337	665
337	687
337	717
337	768
338	511
338	640
338	707
340	519
340	640
340	664
340	674
341	773
342	512
342	517
342	771
342	899
343	575
343	592
343	928
343	960
344	513
344	514
344	650
344	667
344	797
344	895
345	831
345	928
346	769
346	928
347	784
350	511
350	951
351	515
352	511
352	512
352	518
352	572
352	640
352	785
352	904
353	538
354	559
354	607
354	623
354	716
354	1020
355	550
356	511
356	531
356	710
356	775
356	824
356	833
356	840
358	513
358	527
359	643
360	609
360	900
361	769
361	798
363	720
366	544
366	767
366	895
367	747
368	791
368	898
369	534
370	516
370	581
370	671
370	787
372	835
372	899
376	775
377	519
380	519
384	513
384	515
384	516
384	520
384	525
384	527
384	528
384	559
384	563
384	640
384	641
384	672
384	716
384	719
384	722
384	735
384	736
384	768
384	772
384	854
384	864
384	898
384	913
384	974
385	511
385	518
385	525
385	563
385	576
385	577
385	605
385	670
386	511
386	544
386	587
386	633
386	646
386	675
386	729
386	776
386	779
386	844
387	529
387	551
387	775
387	800
388	513
388	523
388	559
388	580
388	609
388	639
388	640
388	641
389	688
389	815
389	927
390	528
391	523
391	648
391	1011
392	531
392	546
392	560
392	578
392	583
392	607
392	771
392	897
392	900
392	901
393	575
393	705
394	511
394	529
394	616
394	893
396	592
396	671
396	702
397	512
398	572
398	585
398	652
400	639
400	774
400	912
401	553
401	560
402	575
402	635
402	906
403	517
403	529
403	594
404	640
404	679
404	706
404	779
405	587
408	511
408	513
408	548
408	582
408	677
408	705
409	555
409	640
409	767
409	812
409	917
411	831
413	844
414	657
416	511
416	536
416	548
416	578
416	785
416	1016
417	511
417	550
418	520
418	522
418	569
418	724
418	783
419	511
419	592
419	826
420	608
420	678
421	511
421	547
422	610
422	669
422	679
422	767
422	780
422	844
423	585
424	528
424	643
424	771
425	518
426	690
428	513
428	641
428	744
430	532
430	962
431	559
431	626
432	511
432	534
432	544
432	560
432	874
433	511
433	562
434	648
435	680
435	833
439	517
442	523
445	709
448	545
448	592
448	609
448	658
448	724
448	781
448	944
449	527
449	579
449	592
449	644
449	649
449	771
450	576
450	645
451	513
451	581
451	643
451	964
452	519
452	608
453	647
454	711
456	527
456	578
456	617
457	549
457	656
458	579
458	704
459	841
460	644
463	705
463	720
464	551
464	772
465	513
465	543
466	558
466	643
466	761
467	564
467	703
468	836
468	856
472	651
473	519
473	644
474	816
476	879
480	515
480	545
480	594
480	728
480	889
480	896
481	516
481	608
481	681
482	653
484	537
485	641
488	549
490	524
492	968
494	704
496	563
496	625
496	800
497	745
502	521
504	907
505	513
505	879
508	831
511	513
511	514
511	515
511	519
511	520
511	529
511	531
511	555
511	594
511	609
511	640
511	647
511	660
511	707
511	709
511	793
511	839
511	858
511	903
511	918
511	921
511	966
512	513
512	515
512	516
512	537
512	544
512	545
512	552
512	560
512	573
512	591
512	599
512	666
512	689
512	767
512	768
512	771
512	775
512	777
512	831
512	899
512	939
513	512
513	543
513	578
513	632
513	641
513	668
513	711
513	737
513	787
513	799
513	826
513	895
513	965
514	561
514	624
514	641
514	677
514	703
514	707
514	791
514	827
515	517
515	518
515	526
515	528
515	561
515	576
515	584
515	586
515	591
515	683
515	775
515	779
515	784
515	859
515	867
516	511
516	576
516	629
516	641
516	672
516	969
516	975
517	523
517	524
517	537
517	705
517	809
517	868
517	873
517	992
517	1011
518	515
518	530
518	565
518	801
518	832
518	849
519	511
519	518
519	539
519	545
519	576
519	629
519	639
519	655
519	665
519	675
519	683
519	703
520	515
520	562
520	569
520	617
520	642
520	648
520	837
520	947
520	1008
521	532
521	547
521	554
521	561
521	777
521	856
521	914
521	936
522	516
522	541
522	624
522	628
522	731
522	933
522	967
523	517
523	550
523	645
523	688
523	806
524	549
524	674
524	679
525	528
525	560
525	786
526	548
526	583
526	897
527	524
527	543
527	560
527	576
527	639
527	644
527	648
527	705
527	836
527	888
527	975
528	517
528	518
528	537
528	703
528	1011
529	534
529	539
529	559
529	639
529	677
529	767
529	780
529	876
529	899
530	513
530	529
530	543
530	621
530	767
530	807
530	969
531	512
531	640
531	729
531	897
531	977
532	519
532	572
532	604
532	609
532	643
532	688
532	775
532	912
533	517
533	639
534	519
534	535
534	593
535	519
535	533
535	543
535	664
535	671
535	673
535	740
535	799
535	949
536	577
536	655
536	839
536	899
536	900
537	514
537	687
539	617
539	643
539	673
540	575
540	774
541	527
541	641
541	799
541	872
541	1011
542	706
543	519
543	528
543	532
543	554
543	593
543	643
543	725
543	773
543	805
543	853
544	520
544	589
544	594
544	668
544	714
544	767
544	771
544	977
545	562
545	571
545	591
545	615
545	639
545	658
545	695
545	731
545	781
545	801
545	996
546	535
546	537
546	554
546	560
546	579
546	607
546	645
547	520
547	549
547	561
547	776
547	961
548	515
548	519
548	604
548	631
548	800
549	767
549	771
549	811
550	562
550	641
551	605
551	614
551	708
551	760
551	784
552	526
552	535
552	669
552	684
552	693
553	516
553	655
554	744
555	528
555	550
555	903
556	580
556	593
556	688
556	851
557	641
557	674
559	515
559	521
559	535
559	575
559	613
559	769
560	520
560	583
560	687
560	784
561	568
561	592
561	652
561	695
561	897
561	916
562	560
562	584
562	901
563	525
563	608
563	652
563	778
563	871
564	609
564	671
565	775
567	986
568	529
568	532
568	541
568	576
568	582
568	920
570	607
570	734
571	593
571	978
572	536
575	514
575	548
575	581
575	611
575	815
575	851
576	602
576	603
576	774
576	824
576	827
576	831
576	871
576	992
577	511
577	583
577	623
577	773
577	895
577	976
578	515
578	519
578	612
578	658
578	704
578	772
578	825
579	589
579	596
579	767
580	514
580	613
580	642
580	643
580	657
580	751
580	895
581	559
581	771
582	529
582	642
582	711
583	524
584	511
584	540
584	595
584	607
584	609
584	610
584	664
584	687
585	514
585	517
585	583
586	740
586	769
587	671
587	774
587	797
587	910
588	645
589	555
589	915
591	571
591	607
591	611
591	739
591	763
591	805
591	961
591	969
592	514
592	608
592	659
592	663
593	511
593	519
593	590
593	779
594	511
594	533
595	582
595	608
595	705
595	995
597	919
598	575
599	529
599	804
600	518
600	639
601	820
601	959
602	548
602	769
604	518
604	678
607	516
607	531
607	596
607	612
607	711
607	964
608	656
608	770
608	779
609	511
609	613
609	623
609	715
610	538
611	643
611	776
612	593
612	836
613	677
614	745
615	767
616	515
616	586
616	591
616	715
618	770
619	575
619	576
619	644
623	767
623	829
624	828
624	856
625	511
625	529
625	833
628	530
631	575
631	616
637	680
639	519
639	520
639	646
639	648
639	657
639	673
639	777
640	512
640	529
640	538
640	544
640	596
640	644
640	774
640	822
640	838
640	903
640	905
641	511
641	512
641	521
641	525
641	705
641	790
641	791
642	519
642	533
642	839
643	529
643	544
643	546
643	583
643	613
644	519
644	535
644	576
644	580
644	599
644	657
645	519
645	527
645	577
645	584
645	683
645	812
646	672
646	781
646	943
647	543
647	624
647	629
647	656
647	743
648	519
648	579
648	641
648	829
648	919
649	656
650	605
650	815
651	512
651	546
651	674
652	543
652	640
652	644
652	651
652	719
653	896
655	583
655	639
655	769
655	944
656	710
656	804
657	516
657	524
657	651
657	795
657	883
657	937
658	674
659	641
659	767
660	663
660	719
661	545
661	775
662	514
663	758
663	791
664	578
664	768
664	777
666	640
667	520
667	771
667	961
668	591
669	676
670	529
670	549
671	511
671	578
671	727
671	764
671	782
671	793
671	816
671	859
672	537
672	539
673	526
673	546
673	607
673	647
673	895
674	547
674	719
675	533
676	523
677	594
678	530
678	794
678	873
679	543
679	561
679	577
679	641
679	908
680	581
680	819
682	612
683	512
683	738
684	767
685	770
685	879
686	596
687	585
687	704
687	782
688	514
688	526
688	533
688	850
689	642
690	713
691	521
691	557
691	675
691	844
695	595
696	511
696	641
696	802
697	614
697	901
697	931
703	775
703	898
704	580
704	654
704	676
704	738
704	777
704	1000
705	536
705	769
706	614
706	643
706	657
707	791
708	984
709	527
709	529
709	768
709	794
710	1010
711	775
712	527
712	553
712	906
713	597
714	720
716	605
717	528
719	774
720	531
720	771
722	548
722	608
722	797
725	930
726	865
726	878
727	686
728	547
728	772
729	699
730	798
731	511
731	799
732	589
735	779
735	815
736	518
736	535
736	773
737	583
737	907
738	528
738	583
739	640
739	663
739	672
739	960
740	579
740	615
740	717
741	551
741	655
742	710
742	997
744	778
744	847
745	530
745	767
747	896
750	776
752	513
752	553
752	687
753	643
764	785
767	576
767	587
767	588
767	650
767	799
767	828
767	832
767	897
767	900
767	943
767	993
767	994
768	511
768	514
768	533
768	585
768	593
768	712
768	771
768	820
768	837
768	963
768	985
769	575
769	618
769	688
769	689
770	524
770	543
770	839
771	549
771	550
771	645
771	672
771	721
771	762
772	549
772	615
772	645
772	708
772	770
772	819
772	851
772	863
772	966
773	511
773	601
773	776
774	561
774	705
775	518
775	540
775	550
775	561
775	586
775	592
775	624
776	613
776	624
776	645
776	742
776	800
776	843
776	933
777	528
777	592
777	639
777	767
778	516
778	678
778	904
779	531
779	544
779	833
779	914
780	525
781	514
781	663
782	541
782	752
783	527
783	624
783	660
783	776
783	796
783	946
784	559
784	801
786	544
786	549
786	773
786	820
787	511
787	523
787	529
787	715
787	904
788	576
788	583
788	834
789	699
790	807
791	519
791	598
791	839
792	512
793	700
793	833
794	800
795	800
796	655
797	651
797	664
799	519
799	552
799	642
799	660
799	671
799	711
799	768
799	914
800	511
800	543
800	593
800	616
800	619
800	673
800	778
800	801
800	807
801	511
801	768
802	547
802	714
802	794
803	520
803	527
803	576
803	767
804	769
805	583
805	586
806	575
806	789
807	783
808	519
808	536
809	533
809	802
810	647
810	839
811	609
813	592
813	784
814	770
815	513
815	554
815	648
816	530
816	911
817	516
817	715
819	577
819	675
820	707
821	528
821	610
823	740
825	512
825	834
826	544
826	704
827	799
831	512
831	617
831	640
831	643
831	651
832	813
833	511
833	544
833	604
833	639
834	815
835	534
835	608
836	515
838	656
838	901
839	543
839	911
839	969
841	530
841	537
841	689
843	598
844	577
844	675
844	905
845	959
846	559
847	588
847	737
847	834
850	520
850	555
851	705
852	530
852	536
852	745
853	594
854	656
855	649
855	660
855	704
856	914
861	680
862	519
862	543
863	867
863	997
864	530
864	612
864	639
865	512
866	515
867	836
868	578
868	647
869	656
871	539
872	541
872	585
872	608
872	975
873	544
873	786
874	835
875	544
875	615
875	727
875	791
876	808
879	632
880	625
880	768
881	675
882	928
883	604
884	675
885	531
886	703
895	576
895	623
895	649
895	749
895	769
895	784
895	900
895	992
896	535
896	555
896	576
896	653
896	704
896	728
896	799
896	833
897	527
897	643
899	560
899	598
899	941
900	785
900	858
901	512
901	600
901	824
903	581
904	536
904	619
904	833
905	517
907	836
908	720
908	978
911	580
911	586
911	639
911	661
912	816
912	1018
913	513
913	543
915	803
916	552
916	620
917	515
919	679
921	915
922	671
923	681
925	547
927	551
927	739
928	559
928	781
928	831
930	872
931	640
932	648
932	676
933	826
934	804
934	976
935	751
936	607
937	551
938	768
939	913
940	513
942	606
943	696
943	698
943	706
944	769
945	512
945	516
945	775
946	543
947	741
948	711
951	672
952	785
953	735
954	773
955	643
959	641
959	835
960	515
960	522
961	897
962	651
965	590
965	669
966	511
967	559
967	721
968	653
969	600
969	767
971	550
971	974
973	640
976	511
976	639
977	995
978	547
979	931
982	775
986	514
986	595
986	983
988	588
989	556
991	520
992	522
992	835
992	968
993	593
993	864
994	944
995	522
1006	572
1007	575
1015	794
1018	784
1019	576
0	3
0	4
0	5
0	6
0	8
0	10
0	15
0	16
0	17
0	18
0	19
0	20
0	24
0	32
0	34
0	35
0	37
0	40
0	41
0	42
0	46
0	48
0	49
0	50
0	58
0	61
0	64
0	65
0	72
0	80
0	86
0	92
0	97
0	100
0	111
0	114
0	119
0	128
0	132
0	133
0	138
0	150
0	157
0	172
0	176
0	187
0	198
0	200
0	208
0	212
0	216
0	226
0	227
0	256
0	257
0	258
0	259
0	260
0	262
0	264
0	267
0	272
0	273
0	274
0	291
0	305
0	308
0	320
0	321
0	322
0	330
0	369
0	377
0	380
0	385
0	387
0	389
0	390
0	394
0	397
0	401
0	404
0	408
0	410
0	416
0	424
0	432
0	449
0	466
0	474
0	479
1	0
1	2
1	3
1	4
1	5
1	9
1	18
1	21
1	25
1	26
1	34
1	46
1	52
1	64
1	65
1	70
1	71
1	72
1	73
1	80
1	84
1	100
1	101
1	103
1	115
1	119
1	128
1	132
1	133
1	137
1	142
1	144
1	146
1	149
1	160
1	161
1	162
1	168
1	174
1	196
1	198
1	206
1	213
1	259
1	260
1	266
1	267
1	270
1	273
1	288
1	292
1	322
1	329
1	330
1	338
1	351
1	353
1	354
1	434
1	435
1	450
1	489
2	0
2	4
2	9
2	11
2	16
2	17
2	37
2	41
2	44
2	50
2	58
2	64
2	68
2	72
2	74
2	75
2	77
2	79
2	80
2	82
2	85
2	88
2	99
2	137
2	140
2	148
2	152
2	165
2	176
2	193
2	208
2	216
2	256
2	257
2	264
2	267
2	272
2	291
2	294
2	296
2	308
2	310
2	312
2	317
2	326
2	349
2	384
2	388
2	396
2	398
2	401
2	402
2	426
3	2
3	8
3	9
3	11
3	18
3	21
3	24
3	32
3	49
3	56
3	57
3	66
3	71
3	85
3	95
3	105
3	123
3	129
3	138
3	142
3	147
3	164
3	196
3	201
3	228
3	230
3	232
3	233
3	256
3	260
3	267
3	280
3	297
3	306
3	308
3	330
3	344
4	2
4	3
4	5
4	13
4	18
4	21
4	34
4	36
4	48
4	64
4	66
4	68
4	70
4	99
4	100
4	102
4	120
4	128
4	129
4	136
4	139
4	141
4	153
4	160
4	168
4	194
4	196
4	201
4	205
4	228
4	246
4	260
4	262
4	263
4	266
4	270
4	291
4	292
4	294
4	296
4	304
4	329
4	331
4	344
4	370
4	384
4	387
4	393
4	436
4	450
5	4
5	24
5	25
5	28
5	34
5	37
5	51
5	64
5	72
5	122
5	129
5	132
5	143
5	171
5	177
5	201
5	208
5	224
5	228
5	265
5	272
5	273
5	289
5	296
5	324
5	328
5	330
5	336
5	346
5	353
5	378
5	387
5	424
5	481
5	496
6	2
6	4
6	9
6	12
6	16
6	20
6	26
6	37
6	40
6	59
6	66
6	69
6	85
6	115
6	128
6	133
6	144
6	148
6	162
6	182
6	200
6	219
6	261
6	292
6	305
6	392
6	422
6	459
6	488
6	493
7	3
7	10
7	16
7	25
7	65
7	145
7	176
7	260
7	264
7	320
8	0
8	2
8	3
8	4
8	10
8	16
8	17
8	22
8	28
8	32
8	34
8	36
8	37
8	38
8	64
8	65
8	68
8	80
8	81
8	82
8	85
8	86
8	99
8	112
8	128
8	130
8	133
8	138
8	143
8	147
8	150
8	154
8	176
8	178
8	181
8	224
8	234
8	252
8	256
8	258
8	259
8	261
8	265
8	272
8	274
8	293
8	304
8	306
8	308
8	320
8	322
8	344
8	386
8	392
8	424
8	450
8	462
8	467
9	0
9	4
9	6
9	13
9	16
9	24
9	33
9	35
9	73
9	76
9	128
9	133
9	148
9	176
9	190
9	227
9	241
9	256
9	269
9	301
9	329
9	340
9	459
10	1
10	17
10	22
10	26
10	32
10	34
10	38
10	40
10	50
10	54
10	65
10	88
10	133
10	144
10	146
10	192
10	198
10	202
10	258
10	273
10	275
10	276
10	312
10	371
10	384
10	393
10	449
10	456
10	463
10	468
11	2
11	17
11	28
11	54
11	65
11	170
11	274
11	296
11	372
11	401
11	417
11	419
11	427
11	449
11	454
12	2
12	18
12	24
12	35
12	36
12	40
12	43
12	64
12	100
12	132
12	133
12	152
12	195
12	206
12	244
12	256
12	273
12	274
12	280
12	298
12	322
12	326
12	344
12	361
12	372
12	392
12	497
13	2
13	17
13	18
13	28
13	30
13	34
13	35
13	50
13	70
13	176
13	227
13	240
13	256
13	258
13	260
13	264
13	268
13	297
13	312
13	324
13	396
13	484
14	0
14	6
14	18
14	32
14	34
14	114
14	177
14	209
14	268
14	278
14	281
14	300
14	392
14	397
14	424
14	451
15	4
15	34
15	72
15	92
15	131
15	136
15	234
15	279
15	288
15	304
15	385
16	0
16	1
16	8
16	9
16	12
16	14
16	18
16	22
16	30
16	33
16	34
16	35
16	37
16	43
16	48
16	56
16	66
16	67
16	68
16	72
16	74
16	76
16	81
16	92
16	107
16	108
16	111
16	116
16	128
16	130
16	132
16	138
16	145
16	160
16	174
16	188
16	192
16	193
16	200
16	218
16	226
16	256
16	257
16	263
16	280
16	287
16	304
16	362
16	384
16	386
16	390
16	393
16	421
16	427
16	432
16	441
16	452
17	0
17	1
17	2
17	5
17	6
17	9
17	34
17	37
17	43
17	64
17	77
17	80
17	96
17	98
17	132
17	133
17	137
17	138
17	152
17	192
17	258
17	268
17	279
17	280
17	304
17	307
17	324
17	384
17	398
17	424
18	0
18	1
18	4
18	6
18	16
18	32
18	50
18	51
18	64
18	80
18	128
18	129
18	132
18	134
18	148
18	168
18	193
18	228
18	260
18	321
18	332
18	342
18	343
18	354
18	416
18	452
18	483
19	5
19	23
19	64
19	66
19	72
19	81
19	96
19	128
19	133
19	136
19	161
19	176
19	228
19	263
19	272
19	274
19	284
19	318
19	328
19	349
19	350
19	404
19	456
20	0
20	2
20	4
20	8
20	10
20	30
20	32
20	38
20	44
20	46
20	65
20	82
20	118
20	140
20	194
20	200
20	204
20	257
20	264
20	268
20	273
20	295
20	305
20	330
20	345
20	352
20	426
20	429
20	489
20	492
21	0
21	32
21	41
21	60
21	87
21	104
21	141
21	178
21	302
21	308
21	337
21	389
21	392
21	448
21	489
22	0
22	4
22	17
22	42
22	71
22	72
22	75
22	84
22	112
22	136
22	138
22	163
22	185
22	192
22	216
22	268
22	324
22	355
22	433
22	449
23	0
23	4
23	16
23	20
23	49
23	96
23	170
23	213
23	338
24	3
24	8
24	10
24	14
24	18
24	33
24	38
24	41
24	48
24	65
24	67
24	72
24	128
24	133
24	145
24	146
24	150
24	219
24	225
24	228
24	256
24	258
24	259
24	268
24	278
24	291
24	296
24	308
24	312
24	321
24	345
24	405
24	416
25	1
25	4
25	5
25	52
25	128
25	129
25	170
25	193
25	206
25	208
25	209
25	238
25	258
25	264
25	274
25	276
25	297
25	384
25	405
26	90
26	184
26	256
26	261
26	264
26	360
26	386
26	392
26	464
26	481
27	41
27	76
27	148
27	176
27	263
27	282
27	296
28	5
28	11
28	16
28	32
28	36
28	64
28	68
28	105
28	128
28	136
28	232
28	256
28	321
28	322
28	335
28	420
29	32
29	40
29	48
29	128
29	144
29	254
29	468
29	472
30	24
30	28
30	38
30	104
30	264
30	287
30	294
30	308
30	321
30	323
30	404
31	99
31	217
31	345
32	0
32	1
32	2
32	3
32	4
32	6
32	7
32	10
32	13
32	16
32	22
32	24
32	33
32	41
32	44
32	48
32	49
32	50
32	53
32	61
32	66
32	81
32	96
32	97
32	113
32	114
32	123
32	133
32	140
32	160
32	162
32	194
32	249
32	258
32	261
32	262
32	267
32	288
32	290
32	292
32	304
32	320
32	326
32	340
32	344
32	350
32	352
32	410
32	421
32	424
33	2
33	3
33	4
33	8
33	19
33	50
33	64
33	65
33	76
33	80
33	85
33	97
33	136
33	137
33	139
33	178
33	218
33	256
33	273
33	288
33	320
33	341
33	352
33	356
33	412
33	448
33	466
33	486
34	2
34	3
34	16
34	22
34	25
34	33
34	40
34	60
34	65
34	72
34	73
34	76
34	100
34	129
34	144
34	145
34	180
34	192
34	204
34	216
34	261
34	262
34	265
34	266
34	298
34	322
34	331
34	392
34	432
34	440
35	1
35	34
35	120
35	145
35	252
35	365
35	384
35	433
35	437
36	0
36	1
36	4
36	17
36	18
36	30
36	32
36	33
36	49
36	65
36	68
36	69
36	75
36	80
36	82
36	112
36	116
36	128
36	129
36	132
36	134
36	138
36	160
36	165
36	166
36	167
36	188
36	196
36	200
36	224
36	258
36	259
36	264
36	273
36	301
36	321
36	336
36	393
36	395
36	417
36	425
36	448
36	480
37	0
37	1
37	8
37	36
37	47
37	54
37	64
37	141
37	146
37	196
37	209
37	256
37	257
37	260
37	420
37	457
38	46
38	71
38	81
38	100
38	102
38	242
38	276
38	296
38	314
38	384
38	449
39	1
39	36
39	80
39	82
39	112
39	176
39	248
39	258
39	281
39	282
39	332
39	353
40	0
40	8
40	9
40	17
40	32
40	33
40	41
40	43
40	61
40	64
40	68
40	72
40	84
40	113
40	138
40	148
40	162
40	193
40	270
40	280
40	312
40	316
40	357
40	390
40	409
41	3
41	9
41	23
41	26
41	44
41	50
41	64
41	80
41	188
41	200
41	256
41	285
41	495
42	0
42	9
42	10
42	34
42	36
42	40
42	72
42	73
42	84
42	130
42	160
42	170
42	213
42	233
42	265
42	292
42	297
42	368
42	445
42	453
42	466
43	10
43	42
43	131
43	259
43	301
43	403
44	1
44	3
44	29
44	66
44	72
44	130
44	193
44	198
44	206
44	256
44	296
44	308
44	360
44	379
44	402
44	410
44	424
44	453
45	52
45	74
45	100
45	160
45	295
45	352
46	40
46	129
46	132
46	163
46	228
46	276
46	336
46	338
47	19
47	300
47	305
47	385
47	402
48	0
48	2
48	4
48	5
48	62
48	65
48	66
48	67
48	72
48	80
48	89
48	99
48	128
48	162
48	167
48	168
48	224
48	232
48	234
48	236
48	244
48	256
48	258
48	280
48	322
48	360
48	386
48	388
48	403
48	441
48	486
49	8
49	12
49	33
49	34
49	37
49	48
49	64
49	65
49	100
49	104
49	141
49	246
49	257
49	259
49	272
49	282
49	291
49	326
50	0
50	2
50	18
50	68
50	97
50	171
50	194
50	196
50	201
50	228
50	229
50	239
50	259
50	277
50	280
50	325
50	344
50	416
50	417
51	2
51	4
51	30
51	101
51	164
51	256
51	393
52	0
52	4
52	6
52	34
52	38
52	68
52	76
52	82
52	97
52	129
52	143
52	160
52	202
52	290
52	385
52	416
53	0
53	32
53	65
53	71
53	75
53	96
53	131
53	161
53	257
53	323
53	328
53	352
54	48
54	68
54	167
54	322
54	336
54	349
54	388
54	424
55	0
55	110
55	160
55	265
56	1
56	12
56	16
56	17
56	40
56	76
56	89
56	107
56	114
56	129
56	131
56	136
56	195
56	208
56	225
56	272
56	284
56	324
56	372
56	430
57	6
57	10
57	13
57	16
57	33
57	41
57	66
57	105
57	130
57	156
57	281
57	359
57	421
58	2
58	28
58	32
58	134
58	178
58	196
59	4
59	51
59	65
59	154
59	240
59	416
60	4
60	6
60	10
60	64
60	66
60	132
60	276
60	360
61	9
61	27
61	72
61	226
61	266
61	405
62	32
62	75
62	76
62	134
62	186
62	308
63	9
63	42
63	131
63	268
64	0
64	1
64	3
64	5
64	7
64	11
64	16
64	17
64	34
64	35
64	44
64	45
64	52
64	53
64	56
64	61
64	65
64	66
64	69
64	80
64	83
64	84
64	86
64	89
64	96
64	98
64	111
64	112
64	113
64	129
64	132
64	144
64	145
64	154
64	162
64	165
64	196
64	248
64	256
64	257
64	258
64	261
64	262
64	272
64	273
64	284
64	290
64	296
64	298
64	313
64	334
64	342
64	353
64	392
64	423
64	428
64	450
64	466
64	484
65	0
65	1
65	10
65	11
65	12
65	14
65	16
65	18
65	21
65	23
65	24
65	25
65	33
65	37
65	68
65	73
65	88
65	97
65	124
65	128
65	136
65	144
65	154
65	193
65	196
65	267
65	286
65	296
65	303
65	331
65	338
65	352
65	356
65	394
65	404
65	421
65	469
65	480
66	5
66	10
66	17
66	18
66	29
66	34
66	35
66	57
66	64
66	85
66	106
66	128
66	144
66	203
66	237
66	252
66	272
66	276
66	285
66	301
66	306
66	320
66	333
66	340
66	346
66	352
66	384
66	400
66	417
66	420
66	428
66	442
66	451
66	462
67	5
67	7
67	17
67	24
67	130
67	142
67	165
67	192
67	194
67	260
67	385
68	0
68	4
68	10
68	59
68	69
68	70
68	96
68	101
68	112
68	117
68	128
68	142
68	144
68	165
68	185
68	188
68	233
68	244
68	256
68	258
68	276
68	304
68	312
68	327
68	340
68	365
68	388
68	449
68	496
69	18
69	40
69	50
69	113
69	132
69	162
69	208
69	210
69	256
69	258
69	260
69	273
69	355
69	368
69	416
69	432
70	16
70	17
70	48
70	56
70	64
70	85
70	104
70	128
70	144
70	176
70	265
70	288
70	320
70	425
70	468
71	1
71	16
71	32
71	53
71	177
71	235
71	256
71	320
71	388
72	1
72	2
72	16
72	17
72	32
72	42
72	56
72	76
72	92
72	105
72	124
72	130
72	144
72	161
72	165
72	169
72	170
72	177
72	184
72	198
72	209
72	232
72	256
72	257
72	260
72	265
72	288
72	292
72	320
72	321
72	384
72	404
72	409
72	421
72	434
72	449
73	0
73	2
73	8
73	16
73	32
73	34
73	65
73	76
73	171
73	256
73	288
73	392
74	34
74	36
74	39
74	66
74	162
74	208
74	227
74	256
74	268
74	358
74	360
74	385
74	392
74	400
74	451
75	1
75	4
75	5
75	64
75	73
75	130
76	0
76	17
76	33
76	38
76	42
76	74
76	81
76	96
76	132
76	144
76	168
76	200
76	259
76	264
76	386
76	417
76	500
77	14
77	29
77	40
77	65
77	72
77	73
77	116
77	128
77	138
77	256
77	326
78	8
78	85
78	209
79	36
79	86
79	256
79	396
79	400
80	0
80	1
80	4
80	5
80	7
80	8
80	11
80	17
80	22
80	24
80	32
80	42
80	46
80	48
80	65
80	74
80	85
80	92
80	137
80	146
80	151
80	192
80	194
80	196
80	200
80	208
80	216
80	230
80	234
80	256
80	269
80	272
80	288
80	306
80	319
80	342
80	386
80	396
80	472
81	1
81	48
81	184
81	336
81	432
81	452
81	480
82	0
82	32
82	57
82	88
82	128
82	129
82	135
82	140
82	168
82	192
82	200
82	224
82	327
82	328
82	385
83	32
83	46
83	120
83	364
83	368
83	385
83	432
84	2
84	12
84	15
84	16
84	18
84	34
84	42
84	96
84	162
84	176
84	192
84	257
84	262
84	292
84	300
84	360
85	20
85	138
85	175
85	194
85	402
86	52
86	72
86	97
86	124
86	208
87	4
87	12
87	32
87	60
87	128
88	7
88	38
88	166
88	256
88	312
89	2
89	4
89	71
89	113
89	130
89	212
89	266
89	267
89	280
89	395
90	1
90	20
90	24
90	39
90	112
90	177
90	352
90	384
90	402
91	0
91	68
91	72
91	305
91	315
91	321
92	4
92	8
92	26
92	56
92	136
92	160
92	184
92	354
92	464
93	0
93	4
93	257
93	437
94	81
94	258
94	368
95	324
96	0
96	12
96	21
96	28
96	32
96	58
96	67
96	68
96	76
96	104
96	128
96	132
96	140
96	142
96	147
96	208
96	263
96	272
96	277
96	279
96	296
96	309
96	313
96	384
96	400
96	408
96	448
97	0
97	6
97	19
97	23
97	36
97	38
97	53
97	72
97	132
97	255
97	304
97	336
97	344
97	348
97	396
97	404
97	481
98	8
98	19
98	83
98	103
98	117
98	197
98	198
98	348
98	448
99	25
99	73
99	112
99	144
99	161
99	264
100	0
100	3
100	8
100	14
100	21
100	34
100	44
100	58
100	79
100	85
100	97
100	130
100	204
100	262
100	304
100	328
100	424
101	8
101	26
101	64
101	218
101	272
102	0
102	50
102	68
102	132
102	141
102	145
102	197
102	256
102	261
102	305
102	392
103	185
103	261
103	320
104	2
104	3
104	10
104	16
104	32
104	76
104	100
104	166
104	192
104	224
104	347
104	384
104	404
104	448
105	40
105	62
105	72
105	80
105	132
105	136
105	258
105	267
105	308
106	16
106	17
106	48
106	130
106	233
106	285
106	426
107	82
107	140
107	269
107	418
108	2
108	6
108	46
108	67
108	81
108	120
108	148
108	226
108	258
108	331
109	80
109	108
109	268
109	274
109	336
110	212
110	264
111	42
112	3
112	7
112	13
112	20
112	25
112	30
112	52
112	61
112	66
112	80
112	145
112	146
112	156
112	171
112	172
112	185
112	228
112	254
112	258
112	260
112	263
112	392
112	394
112	468
113	4
113	8
113	21
113	33
113	43
113	135
113	219
113	260
113	312
113	315
113	395
113	416
113	448
113	452
114	65
114	69
114	205
115	3
115	15
115	44
115	162
116	14
116	88
116	98
116	136
116	296
116	321
117	92
117	129
117	394
117	403
118	1
120	2
120	12
120	64
120	88
120	97
120	133
120	160
120	192
120	305
120	348
120	497
121	290
122	2
122	28
122	33
122	35
122	68
122	258
123	16
124	8
124	9
124	154
124	193
125	36
125	72
125	130
125	164
126	0
126	368
127	24
128	0
128	10
128	11
128	16
128	17
128	22
128	31
128	32
128	35
128	37
128	49
128	64
128	84
128	88
128	96
128	102
128	129
128	144
128	148
128	162
128	168
128	179
128	225
128	228
128	256
128	258
128	265
128	267
128	275
128	286
128	296
128	298
128	316
128	320
128	326
128	328
128	331
128	352
128	384
128	400
128	421
128	428
128	463
128	490
129	1
129	6
129	7
129	14
129	17
129	18
129	19
129	20
129	23
129	24
129	30
129	32
129	33
129	35
129	37
129	45
129	62
129	67
129	68
129	71
129	87
129	114
129	132
129	137
129	144
129	198
129	215
129	222
129	238
129	259
129	261
129	262
129	272
129	280
129	412
130	0
130	2
130	4
130	6
130	8
130	11
130	16
130	20
130	22
130	30
130	39
130	56
130	72
130	84
130	99
130	104
130	109
130	144
130	154
130	177
130	181
130	223
130	228
130	242
130	256
130	260
130	288
130	290
130	296
130	325
130	356
130	361
130	384
130	388
130	396
130	402
130	416
130	448
130	456
131	2
131	5
131	36
131	42
131	50
131	52
131	83
131	90
131	167
131	172
131	190
131	241
131	262
131	272
131	278
131	297
131	405
132	4
132	16
132	20
132	24
132	28
132	32
132	36
132	65
132	67
132	72
132	92
132	129
132	130
132	138
132	145
132	166
132	197
132	215
132	259
132	286
132	291
132	304
132	328
132	338
132	375
132	385
132	416
132	448
132	449
132	494
133	12
133	32
133	41
133	64
133	65
133	78
133	146
133	152
133	196
133	211
133	233
133	288
133	366
133	388
134	0
134	2
134	8
134	10
134	34
134	35
134	52
134	76
134	80
134	84
134	88
134	118
134	160
134	260
134	264
134	274
134	396
135	0
135	114
135	248
135	429
136	0
136	2
136	4
136	12
136	16
136	21
136	24
136	32
136	34
136	43
136	55
136	57
136	68
136	84
136	128
136	157
136	246
136	256
136	269
136	327
136	350
136	396
136	405
136	428
136	472
137	8
137	16
137	32
137	48
137	56
137	66
137	72
137	129
137	208
137	256
137	272
137	299
137	324
138	7
138	17
138	32
138	65
138	66
138	128
138	130
138	137
138	194
138	195
138	225
138	264
138	268
138	290
138	352
139	0
139	80
139	81
139	192
139	193
139	257
139	388
140	12
140	18
140	26
140	27
140	46
140	65
140	66
140	81
140	82
140	103
140	132
140	136
140	158
140	177
140	180
140	208
140	257
140	304
140	400
140	404
141	33
141	113
141	263
141	296
141	387
141	498
142	44
142	50
142	152
142	234
142	276
142	390
143	0
143	106
144	0
144	4
144	5
144	8
144	17
144	22
144	25
144	32
144	34
144	38
144	50
144	64
144	147
144	166
144	205
144	217
144	288
144	303
144	324
144	340
144	362
144	392
144	393
144	400
144	432
145	26
145	36
145	92
145	265
145	276
145	292
145	405
146	0
146	2
146	17
146	41
146	44
146	52
146	53
146	91
146	104
146	113
146	177
146	265
146	310
146	320
146	395
146	407
147	64
147	65
147	104
147	130
147	162
147	215
147	266
147	312
147	325
147	340
147	420
148	0
148	20
148	32
148	56
148	137
148	161
148	162
148	196
148	197
148	258
148	260
148	269
148	402
148	428
148	472
149	13
149	40
149	154
149	258
149	262
149	490
150	12
150	33
150	72
150	256
150	293
151	64
151	179
151	192
152	52
152	75
152	78
152	80
152	130
152	146
152	161
152	167
152	252
152	320
152	321
152	400
152	402
153	3
153	9
153	14
153	64
153	133
153	168
153	172
153	388
153	398
154	33
154	66
154	160
154	260
154	274
154	416
154	450
155	28
155	400
156	25
156	147
156	256
156	293
156	418
156	450
156	498
157	16
157	81
157	384
158	21
158	72
158	268
158	334
160	1
160	4
160	24
160	29
160	30
160	33
160	35
160	36
160	56
160	64
160	66
160	73
160	84
160	110
160	129
160	130
160	145
160	146
160	152
160	161
160	183
160	244
160	257
160	300
160	320
160	324
160	416
160	424
160	448
160	470
161	0
161	3
161	4
161	9
161	17
161	20
161	65
161	70
161	72
161	106
161	132
161	146
161	186
161	208
161	238
161	256
161	258
161	265
161	272
161	301
161	304
161	384
161	386
161	418
161	428
161	435
162	9
162	12
162	32
162	53
162	64
162	89
162	96
162	102
162	135
162	213
162	220
162	264
163	0
163	3
163	34
163	108
163	260
163	331
163	337
163	393
163	437
164	12
164	32
164	37
164	48
164	64
164	74
164	116
164	141
164	148
164	184
164	192
164	234
164	257
164	354
164	424
164	458
165	10
165	16
165	17
165	26
165	32
165	33
165	156
165	162
165	194
165	286
165	337
165	411
166	24
166	34
166	65
166	73
166	99
166	300
166	355
166	432
166	439
167	9
167	261
168	6
168	24
168	41
168	73
168	76
168	80
168	130
168	132
168	133
168	145
168	162
168	176
168	192
168	202
168	222
168	256
168	352
169	17
169	20
169	21
169	36
169	60
169	160
169	193
169	321
169	328
169	385
170	0
170	10
170	11
170	33
170	72
170	76
170	80
170	140
170	157
170	209
170	256
170	257
170	265
170	268
170	308
170	339
171	3
171	26
171	64
171	137
171	320
171	485
172	129
172	130
172	147
172	256
172	274
172	401
172	433
173	49
173	354
173	371
173	386
174	64
174	66
174	164
174	168
174	213
174	228
175	118
175	129
176	8
176	11
176	19
176	22
176	72
176	164
176	272
176	312
176	324
176	327
176	360
176	384
176	391
176	448
177	0
177	72
178	17
178	82
178	136
178	160
179	12
179	25
179	72
179	449
179	458
180	17
180	41
180	50
180	282
180	331
180	388
180	400
181	33
181	43
181	356
182	65
182	192
182	384
183	132
183	149
184	12
184	16
184	39
184	60
184	65
184	392
185	392
186	8
186	95
186	257
186	264
186	275
186	372
187	131
188	8
188	70
188	208
188	272
188	288
189	4
189	288
190	32
190	42
190	167
191	296
192	0
192	1
192	9
192	10
192	12
192	18
192	33
192	34
192	37
192	57
192	64
192	74
192	96
192	128
192	145
192	164
192	182
192	232
192	233
192	236
192	288
192	292
192	314
192	328
192	330
192	336
192	418
193	32
193	48
193	64
193	70
193	92
193	100
193	128
193	208
193	211
193	258
193	266
193	276
193	278
193	287
193	314
193	373
193	394
193	434
193	496
194	8
194	20
194	56
194	80
194	152
194	274
194	368
194	444
195	0
195	68
195	77
195	132
195	135
195	140
195	172
195	212
195	256
195	260
195	385
195	470
196	3
196	8
196	14
196	38
196	84
196	129
196	189
196	222
196	267
196	290
196	311
196	450
196	458
197	0
197	74
197	97
197	125
197	132
197	211
197	321
198	5
198	14
198	17
198	26
198	33
198	38
198	143
198	261
199	1
199	5
199	142
199	215
199	299
199	322
200	2
200	5
200	14
200	44
200	48
200	105
200	137
200	162
200	176
200	270
200	288
200	320
200	327
200	355
201	16
201	24
201	74
201	132
201	210
201	212
201	425
202	8
202	9
202	80
202	161
202	240
203	98
204	13
204	20
204	70
204	326
204	372
204	449
205	1
205	16
205	128
205	139
206	21
206	50
206	163
206	264
207	43
207	285
207	456
208	3
208	4
208	5
208	24
208	40
208	64
208	72
208	77
208	162
208	256
208	262
208	281
208	291
208	293
208	298
208	377
208	394
209	8
209	16
209	133
209	148
209	149
209	234
209	464
210	0
210	38
210	105
210	154
210	196
210	261
210	272
210	273
210	274
210	275
210	292
210	300
210	392
211	1
211	128
211	140
211	273
211	441
212	32
212	34
212	128
212	135
212	190
213	8
213	36
213	81
214	36
214	89
214	104
214	289
215	34
216	26
216	32
216	36
216	72
216	104
216	130
216	144
216	297
216	470
216	484
216	486
217	166
217	192
217	200
217	211
218	288
218	467
220	36
220	78
220	130
220	149
222	23
222	276
224	1
224	21
224	41
224	72
224	129
224	146
224	192
224	196
224	261
224	296
224	306
224	325
224	398
224	405
225	4
225	8
225	13
225	32
225	42
225	72
225	102
225	144
225	256
225	261
225	268
225	272
225	288
225	290
225	333
225	352
225	421
226	1
226	4
226	145
226	158
226	198
226	243
226	266
227	38
227	39
227	192
228	3
228	10
228	12
228	66
228	72
228	144
228	161
228	197
229	10
229	16
229	17
229	138
229	276
229	356
230	19
230	88
230	464
231	7
231	40
231	194
231	353
232	0
232	4
232	5
232	22
232	27
232	66
232	74
232	104
232	257
232	259
232	291
232	424
233	72
233	432
233	472
233	481
234	0
234	40
234	265
234	384
234	385
234	394
235	187
235	456
236	50
236	65
236	154
236	208
236	418
237	32
237	330
238	32
240	32
240	40
240	43
240	81
240	99
240	144
240	206
241	14
241	393
242	320
242	324
243	404
244	8
244	212
244	269
245	0
246	0
246	132
247	32
248	34
249	137
251	136
252	96
252	355
254	17
254	43
255	16
255	257
255	320
255	451
256	0
256	1
256	4
256	7
256	8
256	10
256	12
256	13
256	18
256	19
256	20
256	24
256	32
256	34
256	40
256	48
256	60
256	66
256	68
256	70
256	71
256	74
256	77
256	80
256	81
256	85
256	87
256	120
256	129
256	138
256	148
256	150
256	154
256	162
256	192
256	198
256	202
256	216
256	219
256	224
256	260
256	272
256	280
256	281
256	294
256	300
256	316
256	322
256	324
256	325
256	338
256	339
256	340
256	356
256	385
256	386
256	393
256	419
256	421
256	424
256	433
256	440
256	458
257	4
257	8
257	22
257	24
257	35
257	63
257	64
257	67
257	73
257	75
257	114
257	132
257	144
257	152
257	166
257	168
257	194
257	268
257	274
257	276
257	320
257	325
257	326
257	393
258	3
258	4
258	12
258	16
258	20
258	24
258	33
258	36
258	65
258	67
258	72
258	84
258	85
258	98
258	144
258	161
258	162
258	198
258	202
258	221
258	264
258	269
258	288
258	302
258	329
258	352
258	387
258	397
258	432
259	2
259	7
259	8
259	25
259	129
259	140
259	217
259	256
259	280
259	288
259	305
259	326
259	329
259	337
259	353
259	360
259	413
259	420
259	441
259	451
259	463
259	495
260	2
260	13
260	18
260	34
260	41
260	56
260	57
260	65
260	66
260	68
260	69
260	72
260	74
260	83
260	88
260	96
260	97
260	113
260	129
260	130
260	134
260	154
260	185
260	219
260	244
260	263
260	268
260	277
260	306
260	312
260	314
260	333
260	336
260	344
260	353
260	378
260	385
260	388
260	475
261	5
261	12
261	24
261	32
261	64
261	65
261	74
261	104
261	154
261	189
261	206
261	264
261	272
261	288
261	304
261	356
261	401
261	460
262	9
262	12
262	24
262	46
262	64
262	84
262	160
262	225
262	257
262	334
262	395
262	416
262	428
262	500
263	0
263	27
263	32
263	132
263	136
263	400
263	402
263	416
263	457
264	0
264	2
264	5
264	6
264	9
264	24
264	32
264	33
264	47
264	64
264	72
264	84
264	106
264	107
264	110
264	132
264	138
264	148
264	160
264	219
264	257
264	284
264	304
264	336
264	352
265	3
265	18
265	34
265	55
265	78
265	80
265	144
265	162
265	288
265	322
265	426
266	1
266	2
266	5
266	6
266	12
266	64
266	77
266	115
266	116
266	147
266	192
266	206
266	256
266	305
266	339
266	356
266	412
266	448
266	460
267	64
267	72
267	128
267	168
267	268
267	280
267	300
268	3
268	33
268	64
268	88
268	96
268	144
268	173
268	186
268	325
269	4
269	62
269	347
269	388
270	18
270	43
270	115
270	161
270	296
270	306
270	403
270	453
271	0
271	3
271	274
271	386
272	40
272	43
272	51
272	65
272	66
272	97
272	108
272	112
272	128
272	130
272	150
272	161
272	163
272	186
272	197
272	200
272	203
272	212
272	224
272	258
272	262
272	275
272	311
272	348
272	388
272	393
272	403
272	430
272	488
273	17
273	24
273	48
273	56
273	58
273	64
273	66
273	98
273	130
273	392
273	451
274	8
274	9
274	21
274	39
274	45
274	52
274	96
274	136
274	168
274	192
274	194
274	215
274	241
274	275
274	278
274	289
274	296
274	321
274	386
274	432
274	445
275	1
275	2
275	17
275	18
275	194
275	226
275	257
275	259
275	260
276	0
276	1
276	2
276	19
276	48
276	64
276	85
276	98
276	131
276	224
276	428
276	494
277	8
277	76
277	275
277	420
278	1
278	17
278	132
278	188
278	209
279	8
279	16
279	34
279	136
279	256
279	360
280	4
280	20
280	21
280	64
280	65
280	80
280	96
280	160
280	213
280	248
280	272
280	289
280	293
280	296
280	308
280	323
280	324
280	356
280	393
281	3
281	24
281	37
281	43
281	66
281	226
281	264
281	272
281	416
282	2
282	8
282	14
282	32
282	128
282	144
282	146
282	192
282	261
282	283
282	304
282	451
283	0
283	1
283	28
283	56
283	69
283	80
283	297
284	5
284	40
284	164
284	167
284	264
284	288
285	80
285	108
285	113
285	152
285	320
286	152
286	192
287	0
288	2
288	3
288	12
288	16
288	17
288	18
288	25
288	27
288	32
288	40
288	48
288	57
288	60
288	77
288	82
288	132
288	156
288	169
288	179
288	205
288	266
288	272
288	298
288	304
288	327
288	384
288	405
288	418
288	432
288	468
288	478
288	497
289	0
289	5
289	6
289	21
289	22
289	34
289	37
289	41
289	42
289	50
289	128
289	165
289	194
289	259
289	272
289	280
289	298
289	313
289	386
289	418
289	477
290	0
290	4
290	9
290	31
290	35
290	64
290	82
290	96
290	103
290	160
290	173
290	208
290	256
290	268
290	276
290	280
290	289
290	304
290	365
290	371
290	432
291	0
291	16
291	17
291	72
291	98
291	114
291	120
291	130
291	132
291	249
292	16
292	34
292	64
292	66
292	67
292	72
292	110
292	113
292	137
292	148
292	203
292	264
292	288
292	388
292	392
292	432
292	456
293	1
293	83
293	137
293	192
293	357
293	387
294	11
294	12
294	16
294	34
294	43
294	154
294	200
295	3
295	256
296	0
296	16
296	32
296	64
296	69
296	83
296	129
296	136
296	186
296	194
296	196
296	250
296	256
296	272
296	290
296	436
296	440
297	39
297	80
297	129
297	135
297	370
297	433
298	0
298	6
298	8
298	12
298	27
298	133
298	281
298	299
298	304
298	396
299	28
299	35
299	56
299	129
300	0
300	8
300	10
300	96
300	134
300	168
300	280
301	112
301	389
302	136
302	387
302	437
303	98
303	355
304	1
304	16
304	24
304	28
304	114
304	145
304	288
304	332
304	352
304	444
304	494
305	0
305	2
305	6
305	92
305	291
305	300
305	368
306	0
306	4
306	30
306	49
306	72
306	144
306	160
306	268
306	388
306	395
306	424
306	474
307	4
307	38
307	160
308	335
309	64
309	98
309	257
309	272
310	40
310	64
310	130
310	257
311	2
311	64
311	214
311	433
312	111
312	139
312	260
312	298
312	362
312	436
313	25
313	225
314	32
315	108
315	154
316	56
316	66
316	269
316	276
316	321
317	257
317	320
318	57
320	2
320	15
320	22
320	28
320	34
320	40
320	64
320	82
320	88
320	93
320	128
320	129
320	130
320	134
320	145
320	160
320	170
320	180
320	185
320	193
320	198
320	234
320	241
320	256
320	266
320	270
320	358
320	421
320	450
320	464
320	483
321	14
321	24
321	43
321	46
321	100
321	128
321	136
321	151
321	204
321	268
321	289
322	4
322	24
322	32
322	79
322	90
322	173
322	195
322	247
322	283
322	296
323	16
323	201
323	273
323	288
323	465
324	19
324	38
324	41
324	48
324	69
324	92
324	133
324	149
324	192
324	193
324	205
324	232
324	259
324	265
324	288
324	409
324	484
325	6
325	133
325	144
325	320
326	117
326	228
326	318
326	356
327	7
327	82
327	270
328	0
328	32
328	33
328	36
328	38
328	40
328	51
328	52
328	64
328	66
328	68
328	96
328	132
328	140
328	196
328	264
328	320
328	396
328	420
329	12
329	23
329	33
329	59
329	65
329	74
329	148
329	200
329	272
329	386
329	473
330	2
330	73
330	128
330	258
330	299
330	320
330	326
331	0
331	64
332	21
332	297
332	396
332	400
332	480
332	489
333	202
333	214
333	256
333	286
334	96
334	161
334	289
334	352
335	44
336	0
336	4
336	5
336	6
336	9
336	140
336	194
336	228
336	282
336	324
336	387
336	444
337	17
337	30
337	154
337	170
337	176
337	256
337	263
337	408
338	0
338	36
338	65
338	81
338	133
338	137
338	154
338	212
338	291
338	322
338	400
339	15
339	64
339	96
339	360
339	393
340	0
340	8
340	12
340	177
340	212
340	267
340	296
340	321
340	388
341	96
341	419
342	128
342	271
342	308
342	312
342	336
342	448
344	2
344	4
344	6
344	83
344	133
344	139
344	144
344	385
345	99
345	187
345	280
346	0
346	49
346	135
346	141
346	288
347	4
347	152
347	181
347	304
348	52
348	53
348	64
348	164
348	408
348	418
348	432
348	454
350	24
351	40
351	56
351	72
352	4
352	22
352	24
352	32
352	76
352	101
352	138
352	256
352	262
352	274
352	416
353	0
353	80
354	1
354	9
354	66
354	130
354	137
354	268
354	412
355	2
355	68
355	157
355	484
356	19
356	209
356	351
356	466
357	108
357	151
357	194
357	272
357	361
358	3
358	18
358	128
358	385
359	10
359	193
359	304
360	2
360	4
360	78
360	97
360	104
360	145
360	256
360	306
360	325
360	380
361	32
361	41
361	54
361	67
361	163
361	496
362	0
362	8
362	10
362	14
362	33
362	48
362	128
365	1
365	42
365	106
366	50
366	258
366	359
367	6
368	0
368	4
368	7
368	91
368	266
368	276
368	349
368	361
368	384
368	416
369	5
369	12
369	40
369	102
369	136
369	216
370	52
370	73
370	279
371	140
371	157
372	75
372	361
372	478
374	168
374	420
375	106
375	385
376	34
376	250
376	329
377	2
377	52
378	11
378	20
378	388
379	126
379	392
381	164
382	49
384	0
384	2
384	7
384	8
384	10
384	14
384	21
384	22
384	34
384	48
384	81
384	144
384	147
384	148
384	150
384	152
384	224
384	229
384	244
384	252
384	257
384	305
384	321
384	391
384	418
384	452
385	0
385	1
385	21
385	46
385	57
385	60
385	65
385	110
385	128
385	131
385	132
385	134
385	146
385	193
385	198
385	212
385	240
385	288
385	346
385	424
386	8
386	18
386	64
386	65
386	81
386	101
386	114
386	147
386	193
386	201
386	208
386	302
386	316
386	417
387	0
387	201
387	224
388	3
388	4
388	8
388	18
388	32
388	33
388	91
388	142
388	144
388	165
388	272
388	306
388	341
388	385
389	6
389	96
389	128
389	137
389	265
389	288
389	297
389	357
390	1
390	19
390	40
390	145
390	152
390	166
390	401
391	10
391	64
391	178
391	262
391	273
391	386
391	388
392	0
392	2
392	31
392	46
392	49
392	67
392	82
392	101
392	213
392	261
392	336
392	479
393	17
393	36
393	64
393	160
393	209
393	228
393	296
393	374
393	493
394	6
394	25
394	68
394	157
394	266
395	10
395	44
395	128
396	0
396	14
396	35
396	68
396	153
396	334
397	19
397	263
397	428
398	8
398	162
398	384
400	0
400	16
400	33
400	36
400	52
400	64
400	102
400	192
400	226
400	257
400	288
400	291
400	404
401	2
401	8
401	11
401	48
401	261
401	284
401	341
401	385
402	3
402	14
402	43
402	89
402	121
402	132
402	166
402	345
402	420
403	20
403	385
403	393
404	66
404	131
404	197
404	288
404	320
404	414
405	4
406	10
406	296
406	460
407	96
408	34
408	77
408	81
408	128
408	452
409	40
409	81
409	395
410	4
410	48
410	120
410	289
411	32
411	261
411	265
411	488
412	6
412	56
412	68
412	70
413	105
414	158
416	2
416	34
416	40
416	69
416	128
416	192
416	216
416	265
416	290
416	350
416	412
417	0
417	47
417	79
417	113
417	260
417	392
418	8
418	26
418	145
418	160
418	233
418	308
420	0
420	5
420	66
420	69
420	109
420	192
420	276
420	356
421	8
421	12
421	16
421	18
421	256
421	325
422	36
422	47
422	71
422	212
422	264
424	5
424	45
424	76
424	132
424	390
424	416
425	3
425	24
425	36
425	48
425	192
425	208
425	321
425	482
425	509
426	8
426	10
426	188
427	10
427	96
428	112
428	148
429	2
429	420
430	32
430	132
430	188
430	371
431	116
431	384
432	0
432	30
432	52
432	57
432	136
432	145
432	156
432	224
432	368
432	396
432	416
432	453
433	44
433	48
433	64
433	229
434	4
434	84
434	488
435	26
435	32
435	82
435	156
435	384
436	9
436	18
437	68
437	190
438	499
439	128
439	204
439	354
440	0
440	18
440	136
440	160
440	176
440	324
443	0
443	139
443	338
444	26
444	258
446	9
446	16
446	132
447	257
448	0
448	6
448	25
448	35
448	72
448	81
448	110
448	116
448	130
448	173
448	193
448	228
448	268
448	312
448	322
448	356
448	426
449	0
449	129
449	137
449	160
449	176
449	256
449	291
449	440
450	9
450	128
450	133
450	138
450	167
450	265
450	270
450	456
451	0
451	17
451	84
451	353
451	424
452	2
452	8
452	153
452	189
452	274
452	451
453	9
453	132
453	160
453	265
453	417
453	420
453	480
454	164
454	216
455	24
455	249
456	10
456	25
456	64
456	67
456	89
456	129
456	154
456	230
456	265
456	277
456	290
458	18
458	69
458	104
458	305
458	448
459	72
459	394
460	2
460	129
460	147
460	225
460	370
463	64
463	109
463	290
464	16
464	19
464	29
464	79
464	108
464	132
464	162
464	164
464	326
464	340
464	412
465	32
465	41
465	137
465	138
465	192
465	349
466	0
466	42
466	83
466	290
467	115
467	128
467	425
468	14
468	34
468	273
468	409
469	490
471	384
472	0
472	193
472	259
473	17
474	194
476	57
476	65
478	384
480	20
480	49
480	78
480	210
480	259
481	1
481	20
481	64
481	65
481	272
481	301
481	304
482	1
482	42
482	192
482	288
483	12
483	274
484	0
484	22
484	80
484	128
484	129
484	360
484	402
485	104
486	160
486	450
487	0
488	0
488	2
488	13
488	65
489	261
490	32
490	101
490	147
490	167
490	360
492	44
492	344
494	5
496	2
496	36
496	158
496	161
496	258
497	0
497	82
497	307
497	408
497	422
498	129
498	162
500	2
500	227
501	320
501	433
502	296
503	12
504	73
504	172
507	450
507	498
508	424
509	79
509	352
