1 887 779
5 794 337
3 493 651
3 363 29
4 764
0 1000
3 583 389
2 242
0 1001
5 412 196
5 531 729
1 602 301
0 1002
3 596 960
2 21
0 1003
2 531
1 214 183
0 1004
3 474 451
2 766
3 107 483
1 717 305
4 246
1 167 527
4 103
3 711 138
4 389
0 1005
5 796 300
3 959 375
4 179
2 77
0 1006
3 448 517
4 351
0 1007
2 387
1 349 566
5 505 93
1 467 92
4 372
4 155
3 155 829
5 834 904
3 253 414
1 278 634
0 1008
1 203 770
3 249 224
4 975
5 888 196
4 905
5 644 573
0 1009
1 754 51
5 869 563
4 240
3 770 322
3 719 547
3 510 198
4 809
5 487 33
4 406
4 169
2 909
3 774 772
5 385 526
3 508 368
0 1010
0 1011
3 278 341
0 1012
2 614
0 1013
2 114
5 614 616
2 24
4 946
2 609
5 904 911
4 544
4 476
2 9
2 875
2 535
4 508
5 774 1004
0 1014
0 1015
1 747 101
3 78 6
4 148
1 907 119
5 615 946
5 228 869
4 724
1 109 901
5 939 794
5 455 961
4 1006
1 686 52
0 1016
0 1017
1 975 94
0 1018
3 870 464
5 611 903
0 1019
2 43
2 61
0 1020
4 1011
5 361 148
1 834 928
5 885 412
4 916
2 606
5 856 123
3 912 116
2 1019
2 405
3 596 558
5 188 834
2 124
4 216
1 370 122
4 233
2 538
5 751 69
1 531 190
4 368
4 311
5 477 553
3 610 310
3 679 876
0 1021
4 43
5 655 872
0 1022
5 977 797
1 212 35
3 963 261
2 462
2 185
2 798
0 1023
2 895
3 383 851
4 948
4 901
4 149
2 562
1 657 564
2 69
5 156 702
2 998
3 720 522
5 1002 996
5 340 866
0 1024
2 735
4 518
0 1025
1 368 780
4 817
1 949 806
3 705 53
1 434 874
3 889 291
0 1026
2 523
5 358 298
4 977
4 705
2 507
3 156 282
5 648 353
3 194 126
2 71
2 310
3 811 139
2 585
2 80
2 769
1 68 719
3 772 941
3 296 69
2 547
5 140 873
5 264 772
0 1027
2 469
3 710 534
0 1028
3 552 162
5 383 711
5 858 785
2 266
5 960 541
5 124 81
3 99 833
3 480 847
0 1029
4 281
5 672 583
5 326 888
3 1018 636
5 835 789
4 529
0 1030
5 75 667
5 325 677
2 732
5 512 623
0 1031
4 24
1 1008 651
3 1031 992
1 873 148
2 64
5 194 767
2 828
2 226
4 803
5 371 510
2 394
3 293 3
0 1032
4 710
4 767
5 274 684
4 576
2 65
2 722
4 720
2 875
4 240
3 370 423
0 1033
4 345
4 184
0 1034
3 773 336
2 968
1 398 224
5 333 738
3 511 88
3 80 118
0 1035
4 578
2 281
1 371 872
2 969
3 295 61
1 25 378
5 333 524
5 751 936
2 870
3 1021 286
2 608
1 936 499
3 180 465
1 363 926
1 643 151
2 702
3 480 391
4 875
0 1036
4 418
5 227 1027
1 1015 723
3 323 207
1 493 716
1 821 785
3 733 58
4 587
5 388 548
4 630
4 631
1 1014 29
0 1037
1 453 1019
3 435 92
2 745
3 618 828
0 1038
5 331 589
3 899 401
1 306 707
3 654 393
5 765 433
0 1039
5 81 969
4 44
2 757
1 706 202
4 676
1 1039 413
4 293
4 460
0 1040
0 1041
4 1028
3 81 577
0 1042
3 112 672
1 403 164
5 325 647
3 373 225
3 962 756
4 342
0 1043
2 669
0 1044
0 1045
2 906
0 1046
2 588
5 730 1004
3 577 757
4 568
0 1047
3 798 556
3 328 783
5 772 649
1 279 871
2 901
4 279
4 272
2 979
2 477
1 6 513
4 571
4 65
4 476
3 227 383
4 554
3 811 279
1 700 957
0 1048
4 333
5 325 387
2 214
1 42 721
2 338
0 1049
4 282
0 1050
1 588 38
4 837
4 433
1 346 468
4 872
1 763 43
4 81
4 334
3 586 562
3 55 335
2 1022
2 612
4 877
1 42 38
0 1051
1 922 268
1 732 544
2 561
2 585
1 277 777
1 395 758
5 283 713
1 429 476
1 979 641
3 723 371
2 989
4 404
1 690 947
4 971
4 364
1 70 88
0 1052
1 294 1040
2 42
4 583
1 494 876
3 57 563
5 607 978
0 1053
1 548 239
3 1003 340
0 1054
1 166 63
3 145 380
1 269 45
0 1055
0 1056
4 755
5 828 530
4 293
4 138
0 1057
5 266 281
0 1058
1 840 64
2 710
2 905
3 600 766
3 832 571
0 1059
0 1060
1 827 690
0 1061
4 420
3 318 738
1 549 305
1 989 133
1 37 333
3 690 411
0 1062
4 316
2 584
5 914 458
4 777
0 1063
0 1064
0 1065
3 644 344
3 860 106
5 283 1032
0 1066
3 56 668
2 31
2 325
5 181 186
1 319 1050
2 806
2 610
2 1012
2 901
2 832
0 1067
5 468 423
4 957
4 10
1 635 857
0 1068
0 1069
4 186
4 742
1 74 42
5 556 676
3 595 681
5 500 526
5 579 503
2 424
3 114 595
4 7
4 916
2 82
2 623
0 1070
1 667 427
0 1071
1 744 904
4 640
5 816 50
2 958
1 1006 978
2 422
3 815 916
1 146 143
4 130
5 750 425
3 545 740
2 568
2 842
1 291 938
5 656 55
5 541 261
4 798
4 768
2 610
0 1072
2 535
4 392
4 235
5 533 341
0 1073
1 23 806
1 847 409
4 576
4 264
5 972 175
1 178 856
5 1014 409
5 603 500
1 461 843
3 709 455
3 556 223
1 880 1069
3 916 570
1 937 928
0 1074
0 1075
5 359 455
3 442 555
0 1076
0 1077
2 821
4 276
5 574 167
2 389
0 1078
0 1079
0 1080
0 1081
1 140 702
2 786
3 240 43
3 897 215
3 562 1029
1 492 884
3 940 476
3 345 675
1 388 731
1 704 188
1 113 702
3 436 366
5 1049 605
3 41 868
4 224
1 362 716
2 329
1 704 539
4 519
3 650 927
4 836
5 986 77
1 339 442
5 305 667
2 505
2 782
4 551
2 629
1 367 958
5 1074 202
2 995
1 379 563
5 169 1021
4 776
1 907 33
0 1082
0 1083
2 318
0 1084
2 62
2 504
1 1081 357
3 717 651
0 1085
4 539
1 736 752
5 186 733
2 802
1 498 136
0 1086
3 367 595
5 653 942
1 293 31
3 556 104
5 394 333
0 1087
3 960 1088
4 934
5 475 274
3 809 611
4 261
0 1088
4 233
1 1012 569
4 414
5 478 801
3 976 988
3 419 598
1 958 136
1 1079 61
5 746 6
5 103 239
4 420
5 734 958
4 745
4 233
5 625 525
4 1006
5 360 52
1 485 42
0 1089
0 1090
5 1035 190
0 1091
4 537
1 63 590
5 882 490
5 202 382
1 539 559
0 1092
5 819 131
5 8 793
5 913 587
1 319 835
1 1093 440
4 923
5 741 245
4 299
5 735 131
4 1056
5 268 944
4 766
0 1093
1 766 378
1 937 642
1 1010 132
1 79 412
0 1094
1 137 485
4 300
0 1095
0 1096
4 1016
1 629 233
1 484 394
4 966
4 198
0 1097
5 568 161
1 53 343
1 786 360
1 620 764
1 116 192
0 1098
4 940
0 1099
5 433 492
4 1094
5 40 482
4 14
5 183 46
0 1100
0 1101
1 264 957
1 833 213
1 10 257
1 581 717
1 871 523
5 634 7
5 293 261
5 869 806
4 666
5 1000 481
5 1010 736
0 1102
0 1103
0 1104
5 45 541
1 196 444
0 1105
0 1106
4 868
4 917
5 773 999
0 1107
0 1108
1 986 1033
5 191 297
0 1109
0 1110
4 82
4 1102
1 748 157
1 192 471
1 448 306
5 165 277
0 1111
1 573 250
4 674
5 616 729
1 1010 155
5 768 963
0 1112
1 163 756
0 1113
5 522 948
5 604 1007
4 204
5 862 1021
5 743 747
0 1114
0 1115
1 597 130
1 444 13
1 595 355
1 905 84
1 903 464
0 1116
0 1117
0 1118
4 613
4 863
5 62 888
0 1119
1 689 983
0 1120
5 630 1003
0 1121
4 484
4 440
4 1109
0 1122
4 25
1 1026 648
5 820 968
1 905 409
1 185 468
5 384 562
5 636 885
1 13 659
4 521
1 545 928
1 122 826
5 576 384
1 83 25
4 761
4 78
5 739 70
0 1123
1 29 330
5 803 251
4 935
0 1124
5 802 1014
1 324 999
0 1125
0 1126
4 632
0 1127
0 1128
4 139
4 392
5 583 375
0 1129
5 1025 315
4 483
5 685 845
5 650 502
5 1123 817
0 1130
1 991 952
4 807
4 230
0 1131
0 1132
4 214
0 1133
1 687 222
4 421
5 957 278
1 322 76
0 1134
0 1135
0 1136
4 105
5 602 870
0 1137
1 528 601
0 1138
5 1120 799
1 46 224
4 649
4 788
0 1139
5 203 267
0 1140
0 1141
1 1012 245
4 87
0 1142
1 871 50
1 646 413
4 1014
5 148 813
5 440 571
5 165 428
1 370 873
1 948 695
0 1143
4 912
1 902 536
0 1144
0 1145
5 313 323
5 479 945
4 302
4 412
0 1146
5 383 930
0 1147
5 620 934
0 1148
4 276
0 1149
0 1150
4 874
4 881
4 92
0 1151
0 1152
0 1153
1 776 959
0 1154
4 948
0 1155
5 711 247
1 630 939
5 722 438
0 1156
5 864 796
5 510 479
5 303 617
5 246 1127
1 72 1138
5 393 873
5 396 630
4 379
0 1157
0 1158
5 261 1114
0 1159
1 546 1068
4 1071
1 282 77
1 76 163
5 1051 1013
0 1160
5 319 511
4 1102
4 271
1 524 15
5 508 698
4 101
1 39 543
1 123 408
0 1161
1 338 169
4 177
0 1162
0 1163
1 85 1085
1 290 824
5 834 564
4 1131
1 1018 843
0 1164
4 623
1 529 967
0 1165
5 1084 900
4 1165
5 710 46
4 1020
4 307
1 917 175
4 1154
5 856 1016
0 1166
4 392
0 1167
4 252
0 1168
4 22
0 1169
4 18
1 745 772
5 508 1010
1 359 172
5 447 803
0 1170
4 1038
0 1171
0 1172
0 1173
1 368 699
4 57
5 344 428
4 269
4 99
1 372 1012
4 31
0 1174
5 130 361
5 907 446
5 344 112
5 514 808
1 350 682
5 1155 830
0 1175
4 1128
0 1176
5 77 792
4 202
1 545 1099
0 1177
5 551 311
5 765 498
1 536 402
1 23 627
1 902 383
0 1178
4 624
5 725 157
1 1118 960
0 1179
4 499
1 525 1037
4 1130
1 526 1166
5 584 653
5 867 507
5 1070 676
0 1180
5 929 865
1 539 983
4 463
4 1112
5 107 5
5 171 814
0 1181
5 802 418
5 387 488
1 952 39
5 815 978
0 1182
5 191 461
5 272 771
4 977
0 1183
4 875
5 874 735
0 1184
1 230 234
4 1151
0 1185
1 263 1066
0 1186
5 253 447
1 1035 258
5 388 855
0 1187
5 385 1022
1 116 245
0 1188
0 1189
4 1091
5 1096 901
4 840
1 99 734
1 407 210
5 899 195
1 28 1073
0 1190
5 1003 505
0 1191
5 1171 834
5 347 717
5 222 985
0 1192
4 267
0 1193
5 491 146
4 954
4 773
5 25 344
1 36 1023
4 1193
4 591
0 1194
5 504 80
4 169
0 1195
4 575
0 1196
0 1197
1 35 955
1 721 1133
4 636
4 1188
1 19 1066
4 985
4 767
4 840
4 692
5 11 369
1 77 1056
5 566 1187
0 1198
1 169 310
1 929 372
5 710 217
4 448
1 1163 1113
5 691 1083
5 1025 882
5 610 461
5 458 31
1 1084 649
4 231
1 678 513
1 401 1193
5 473 684
1 444 199
0 1199
1 203 914
4 558
0 1200
4 802
5 1160 417
0 1201
5 582 164
5 865 1013
0 1202
0 1203
4 530
5 975 934
4 1151
0 1204
1 140 495
4 758
5 68 1059
5 820 891
0 1205
4 1087
4 961
1 158 1100
1 991 691
5 911 187
4 969
1 782 540
1 39 986
0 1206
1 988 361
0 1207
4 207
5 670 407
5 726 1151
1 453 597
0 1208
0 1209
5 703 375
5 17 264
1 951 639
1 618 496
1 1133 1026
0 1210
1 1142 1191
0 1211
1 958 211
5 156 303
5 670 468
0 1212
0 1213
4 911
4 503
5 939 1149
4 77
0 1214
4 2
4 1070
5 435 76
0 1215
0 1216
4 670
1 1050 339
4 1078
4 457
5 902 450
1 78 741
0 1217
5 115 965
0 1218
1 692 130
1 1045 122
1 936 370
4 391
4 542
5 1205 673
5 1200 375
4 1109
5 876 1217
1 638 24
5 1003 715
4 852
4 1028
0 1219
4 916
1 142 477
0 1220
5 1050 472
0 1221
1 1177 853
1 1185 278
0 1222
4 831
5 941 148
1 5 415
4 755
5 749 1019
5 224 12
1 189 414
5 490 641
1 840 1075
5 1061 1023
0 1223
0 1224
4 214
4 595
1 963 873
4 1068
1 896 1073
4 167
5 457 15
0 1225
4 301
4 141
5 279 995
4 571
1 1063 761
1 1095 227
1 796 649
4 930
0 1226
4 1112
1 789 706
4 425
0 1227
4 144
4 863
4 58
1 1037 550
4 1058
4 267
0 1228
4 315
1 1177 58
1 50 934
4 340
5 838 417
1 120 1207
0 1229
4 1156
4 971
1 5 1103
0 1230
0 1231
0 1232
1 260 877
4 406
5 619 589
0 1233
5 385 622
4 768
5 21 119
4 748
4 85
1 243 607
5 1056 312
1 87 1146
0 1234
1 476 842
5 624 586
1 767 1062
0 1235
5 42 221
5 353 794
5 127 696
1 419 115
1 212 728
0 1236
0 1237
1 90 609
5 1018 520
1 1050 509
1 1097 893
0 1238
5 836 549
1 269 647
1 676 758
1 1062 514
4 830
5 139 381
1 869 23
4 70
4 48
4 173
4 292
5 244 590
4 411
0 1239
0 1240
4 718
0 1241
0 1242
5 108 358
5 1100 808
0 1243
5 405 587
5 7 703
0 1244
1 734 67
5 1177 393
4 941
5 1098 1237
4 953
4 934
4 1147
5 219 621
4 512
0 1245
4 465
5 38 980
0 1246
0 1247
1 336 968
5 750 1040
4 1225
5 580 874
4 968
4 343
4 991
5 798 563
4 165
4 1185
4 1198
1 652 946
1 798 1241
0 1248
4 391
1 399 565
5 740 815
0 1249
1 690 441
1 118 405
4 598
4 103
5 174 943
5 1102 844
0 1250
4 766
5 939 491
4 223
1 198 1038
4 951
5 379 892
4 367
1 376 603
4 121
1 99 339
5 25 850
0 1251
1 121 1207
1 745 774
5 841 659
5 184 1231
0 1252
4 39
0 1253
4 256
5 83 734
5 903 643
5 390 796
1 423 1120
0 1254
5 402 689
0 1255
0 1256
4 813
4 176
0 1257
0 1258
4 129
4 416
4 743
5 772 1224
4 1185
5 469 1136
5 897 280
0 1259
0 1260
4 771
4 989
5 102 24
4 352
4 915
1 1022 611
4 722
1 511 225
1 120 590
1 1163 468
1 311 371
1 105 582
1 1149 938
1 983 699
5 1169 772
5 419 348
4 935
5 405 754
4 861
4 1230
5 527 606
5 459 840
1 79 1146
4 91
5 1023 594
5 955 998
4 325
4 259
4 267
1 485 1032
5 897 183
1 1115 132
5 1205 532
5 176 886
0 1261
1 1034 1071
5 500 1037
1 948 251
4 180
5 1037 64
4 607
1 832 536
0 1262
5 782 1008
4 871
0 1263
0 1264
5 1003 1207
1 53 1200
1 877 949
1 213 111
0 1265
1 472 779
1 148 884
5 279 344
5 935 556
1 1002 243
0 1266
4 299
5 1025 951
5 799 764
5 1016 1131
4 1238
0 1267
5 847 1049
0 1268
0 1269
0 1270
5 858 189
1 118 552
5 976 29
0 1271
0 1272
4 753
5 484 569
1 829 99
1 530 1112
4 1268
4 1123
5 1183 1106
1 387 1005
4 821
0 1273
0 1274
1 746 922
5 226 603
1 771 357
1 567 1171
5 279 455
5 919 164
1 876 1018
1 214 1059
4 841
0 1275
1 1129 191
0 1276
0 1277
4 1130
1 1075 304
4 1079
4 507
1 646 673
5 952 1192
5 1100 923
5 862 134
0 1278
4 1085
4 939
4 151
5 1066 353
1 676 1013
5 830 438
0 1279
5 586 298
5 700 634
5 573 779
5 563 408
5 92 1228
1 349 600
4 686
4 509
0 1280
5 722 128
1 1239 114
5 984 1064
4 61
0 1281
5 564 648
1 1280 863
0 1282
0 1283
4 312
5 246 1206
5 427 891
4 1220
5 816 1190
5 520 85
0 1284
5 270 860
4 749
4 72
1 887 1208
4 714
4 290
1 791 106
5 203 337
0 1285
4 698
5 752 1094
5 764 1001
0 1286
5 1251 613
0 1287
1 735 803
4 1286
4 221
0 1288
0 1289
5 149 104
0 1290
5 350 354
5 872 1143
4 1045
1 61 689
0 1291
1 327 614
1 374 1079
1 653 1036
0 1292
4 310
5 487 493
1 660 304
5 1133 1247
4 599
0 1293
0 1294
1 917 1264
4 953
4 1110
0 1295
5 993 684
1 1029 357
1 849 737
4 855
0 1296
0 1297
0 1298
4 171
1 278 675
5 913 374
0 1299
1 374 260
5 1138 1191
1 947 951
5 901 161
5 524 901
1 830 1099
1 417 905
0 1300
4 329
0 1301
0 1302
0 1303
1 1069 987
4 696
1 726 921
4 901
0 1304
1 170 169
0 1305
0 1306
0 1307
1 38 143
0 1308
5 386 406
4 238
0 1309
5 1103 7
1 1057 174
4 212
0 1310
1 46 777
5 1279 739
5 835 989
5 154 244
0 1311
1 908 140
0 1312
0 1313
0 1314
0 1315
4 315
1 870 931
0 1316
1 304 644
0 1317
1 1017 557
0 1318
0 1319
1 294 370
1 875 593
5 459 368
1 1052 241
0 1320
4 1081
5 155 620
0 1321
5 478 377
0 1322
5 32 891
4 580
5 416 1300
5 998 236
1 284 1103
5 532 182
1 578 751
4 23
4 294
0 1323
4 733
5 795 1220
0 1324
5 1237 793
4 74
1 1002 272
5 456 889
4 202
5 797 236
4 1146
4 1295
0 1325
5 1208 385
4 482
5 919 1224
1 1033 1044
1 810 883
4 226
0 1326
4 758
5 1276 429
0 1327
1 701 1184
5 906 282
0 1328
1 1274 582
5 644 149
5 306 1124
5 154 634
4 1226
5 1090 377
4 1139
5 648 288
1 541 412
0 1329
0 1330
4 96
0 1331
1 635 853
4 1332
4 1243
4 1310
5 1111 84
1 304 1162
4 978
0 1332
5 170 1332
4 750
0 1333
0 1334
1 1221 1123
4 357
1 202 1174
1 775 506
0 1335
0 1336
5 157 57
4 1036
5 123 1289
4 42
4 460
5 791 1152
5 1279 413
5 676 973
4 650
0 1337
4 451
1 1065 635
4 876
1 1275 389
5 249 1075
0 1338
5 706 281
0 1339
4 961
5 977 570
1 778 28
1 1069 732
4 610
4 1338
1 969 123
0 1340
5 922 1124
5 693 349
4 1233
0 1341
4 955
5 1105 162
5 876 1170
4 370
5 344 688
4 236
5 556 175
1 800 10
4 601
1 1070 935
0 1342
0 1343
4 898
0 1344
4 959
5 363 1124
1 1062 1200
5 499 1080
4 943
5 320 564
4 705
1 123 1253
1 851 925
4 462
0 1345
0 1346
1 1281 981
0 1347
5 907 925
1 270 843
4 773
4 944
4 500
5 464 839
0 1348
1 741 491
5 1149 1286
5 423 248
5 887 161
0 1349
1 389 867
5 601 611
1 1315 1263
5 1320 262
5 1125 401
1 252 248
5 1311 1213
0 1350
0 1351
0 1352
1 719 344
4 1149
4 757
4 1173
5 1327 79
4 609
1 1325 379
5 496 80
4 963
0 1353
0 1354
4 260
5 635 63
5 30 1009
1 158 783
1 28 249
4 936
0 1355
4 1260
1 885 663
0 1356
0 1357
1 1035 771
5 824 62
0 1358
0 1359
1 720 208
4 606
4 606
0 1360
4 819
1 1244 440
0 1361
5 1010 699
5 808 449
0 1362
4 541
1 650 35
4 1072
0 1363
1 624 1353
1 15 695
4 944
0 1364
0 1365
1 516 6
4 363
0 1366
1 811 4
5 1016 873
0 1367
4 646
1 975 240
4 22
1 421 1257
5 447 443
4 541
1 1007 98
5 1259 753
0 1368
4 842
5 751 1308
1 1333 1090
0 1369
1 191 1331
0 1370
4 721
5 210 137
0 1371
0 1372
5 610 241
5 1277 497
5 125 1251
4 1017
0 1373
5 961 923
5 1047 632
5 1218 1336
1 343 1083
0 1374
1 164 345
4 1327
0 1375
5 920 473
1 398 386
0 1376
0 1377
5 1130 26
5 1097 1297
4 518
1 395 174
0 1378
1 134 483
4 971
5 769 2
5 1309 341
5 981 1002
4 747
4 1015
4 288
0 1379
1 331 969
4 956
1 326 1320
0 1380
5 1298 418
0 1381
0 1382
4 520
0 1383
1 509 898
0 1384
5 455 802
1 902 645
1 909 891
5 114 616
5 315 1279
4 48
1 150 710
4 1253
5 170 1249
4 551
1 1080 1055
0 1385
4 528
5 837 319
1 258 645
1 646 793
1 515 1044
0 1386
0 1387
5 1254 1022
4 1208
4 285
1 30 87
0 1388
5 1278 440
1 935 1077
0 1389
4 694
5 418 916
0 1390
0 1391
0 1392
1 683 643
4 528
0 1393
1 573 536
1 737 320
0 1394
1 442 791
5 372 1156
1 997 1358
0 1395
0 1396
0 1397
5 633 1178
0 1398
4 221
5 525 598
1 440 1294
4 219
4 1051
0 1399
4 761
5 1154 761
5 1123 648
4 525
4 861
5 70 913
4 1118
5 1352 75
5 118 923
4 1347
4 824
5 21 541
5 1113 1349
4 91
5 586 83
4 1261
4 297
5 1237 995
5 1112 1170
4 1059
4 1309
4 1366
5 1255 393
4 17
4 735
4 235
5 763 730
4 641
4 1032
4 96
4 1359
4 847
5 175 697
5 1309 1183
5 1250 1304
4 428
4 551
5 682 455
5 1305 21
5 769 395
5 1270 165
4 1130
5 752 1143
5 549 286
4 542
5 275 1202
5 589 1366
5 1094 944
4 986
4 378
5 1285 365
5 838 1209
4 28
5 803 36
4 165
4 653
4 812
5 1096 896
5 376 121
5 159 1270
4 1021
5 319 729
4 977
5 484 1267
4 1105
4 324
4 824
5 272 1268
4 529
4 964
5 114 1070
4 304
4 272
4 220
5 233 1139
5 882 900
5 711 660
5 1114 812
5 483 451
4 1074
4 154
4 732
5 142 1149
4 1255
4 671
5 1194 750
5 102 481
5 991 59
5 1160 835
5 33 545
4 1226
5 254 1396
4 942
5 566 1138
4 522
4 36
5 1246 496
5 691 1289
4 685
5 86 853
4 588
5 644 1317
5 580 1000
4 267
4 277
5 81 752
4 464
5 342 1392
5 480 1370
5 1391 1227
4 982
4 877
4 895
5 406 1305
5 999 1143
4 204
5 55 459
4 1168
5 1135 742
4 644
4 668
4 16
4 100
5 1095 744
5 1076 475
5 1228 1045
5 1039 1325
5 1065 1073
4 363
4 69
4 170
4 1224
5 356 315
5 1126 648
5 1230 648
5 685 722
5 166 115
4 608
4 1270
5 1032 1138
4 69
4 624
4 741
5 1239 898
5 382 128
5 291 668
4 194
4 1099
5 1294 350
4 1397
5 228 1046
4 1171
4 431
5 1390 413
4 251
5 86 5
5 316 1298
4 937
4 792
5 816 619
5 668 703
4 259
4 434
4 327
5 1372 191
5 937 228
5 784 962
4 59
5 209 71
4 1353
5 1030 1105
4 8
4 483
4 52
4 1150
5 1350 64
4 431
5 1050 179
4 934
4 1155
5 74 853
4 1338
5 505 105
4 913
5 212 300
5 986 299
4 296
4 532
4 460
4 1283
4 139
5 503 1095
4 726
5 858 562
4 207
5 201 978
5 1046 1112
5 499 1253
4 344
5 1262 1223
4 279
5 840 793
4 1001
4 691
4 401
4 1068
5 919 1198
4 252
4 86
5 1080 878
4 487
5 513 323
5 936 582
5 772 100
5 951 503
5 707 279
4 627
4 937
4 295
4 356
5 526 59
5 947 1132
4 363
4 249
5 1274 140
5 15 844
5 225 489
4 1144
4 931
5 560 1294
4 95
4 992
5 604 752
4 782
4 85
4 297
5 120 700
5 1366 304
5 243 720
5 1054 738
4 1208
4 1121
5 569 1327
5 198 1042
4 374
4 668
5 1331 863
4 1246
5 1318 499
4 547
5 861 897
4 618
5 113 407
5 1248 102
5 1162 1376
4 447
5 1011 1118
4 986
4 1293
5 4 354
4 1257
5 256 1293
5 239 1363
4 479
5 93 370
5 181 858
5 1321 397
4 255
4 1158
4 568
5 1241 203
4 1117
4 1093
5 1103 374
5 210 689
4 44
5 1135 1157
5 209 572
4 140
4 827
5 761 606
4 243
4 1084
4 1146
5 200 450
4 1274
5 1295 1236
4 878
5 524 1225
4 1305
4 88
5 918 126
4 708
5 1253 1305
5 1057 982
5 437 258
5 559 221
5 704 597
5 179 690
4 824
4 11
5 790 268
5 399 525
5 965 1255
5 606 4
5 626 920
4 607
4 540
5 546 763
4 1221
4 1291
4 493
4 1342
4 860
4 1003
5 60 516
5 937 385
4 769
4 1258
4 591
4 1116
4 1008
5 262 54
5 989 798
4 811
4 347
5 1021 1067
5 630 221
4 1152
4 889
4 729
4 1286
4 431
5 1361 248
4 211
4 1286
4 295
4 1340
4 1087
4 100
5 772 1130
5 1007 1090
4 934
5 701 137
4 661
4 1227
4 850
4 915
4 1206
4 271
4 1008
4 1390
4 1265
5 1260 139
5 530 635
5 68 1242
5 634 1149
5 340 76
5 108 537
4 1303
4 529
4 36
4 1251
5 701 339
4 1126
4 948
4 436
5 797 780
5 1103 584
4 1193
5 890 42
5 821 270
5 124 53
5 427 695
4 464
5 680 530
5 1277 1246
5 665 652
4 954
4 587
5 51 516
4 1346
5 1344 647
4 1028
4 271
5 837 105
4 509
4 510
5 998 1309
4 785
5 1388 118
4 1219
4 448
5 1361 25
5 665 23
4 977
5 501 1142
5 575 649
4 885
4 834
4 447
4 212
5 1133 76
4 678
4 313
5 740 337
4 520
5 958 86
4 323
4 933
5 363 1228
5 986 535
4 424
5 515 484
4 610
4 1331
4 68
5 1182 161
4 185
5 175 1251
5 73 1181
4 1137
4 898
5 51 366
5 1297 1280
5 1146 2
5 926 1123
4 375
5 780 1304
4 1363
4 359
5 62 39
4 1203
5 1081 434
4 549
4 452
5 1196 995
4 606
5 477 720
5 758 62
5 640 358
5 531 156
5 339 61
4 1047
5 860 684
5 704 1313
5 239 1291
5 201 506
4 861
5 1111 76
5 70 1057
4 1114
4 1143
4 1173
4 448
4 534
4 896
5 764 289
4 1
5 1218 560
4 639
4 679
5 1223 1202
4 649
4 248
5 1059 669
5 98 477
4 809
5 77 1240
5 307 925
4 836
4 937
4 1195
5 963 271
4 447
4 553
4 959
5 438 250
5 1245 1124
4 712
4 1175
4 1312
4 558
4 847
4 545
5 410 741
5 1389 855
4 5
4 775
4 723
5 867 599
4 572
4 438
4 803
5 1307 510
5 513 1375
4 365
5 705 1237
5 81 124
5 255 665
4 606
4 4
4 1091
4 375
4 569
4 58
4 613
4 1185
5 680 333
4 426
5 446 852
4 1383
5 508 1288
5 813 524
5 1217 410
4 1194
5 616 754
5 555 479
4 705
5 748 463
5 1260 706
5 123 540
4 1192
5 1041 1179
4 892
4 367
5 631 674
5 192 808
4 765
5 669 851
5 29 945
5 829 594
4 902
4 72
5 1362 820
5 32 396
4 17
5 977 94
5 672 1051
5 890 910
5 1055 291
4 326
4 917
4 700
4 824
5 1216 673
4 1129
5 755 228
5 153 63
4 1207
5 595 1153
4 1310
5 499 568
4 496
5 988 710
5 406 1082
4 272
4 888
5 1175 1321
4 680
4 225
4 599
5 828 342
4 261
5 580 1141
5 706 732
4 70
5 1250 120
4 1172
4 607
4 834
5 721 190
4 747
5 433 237
4 237
5 140 789
5 870 432
4 873
5 401 184
5 129 1221
5 1137 443
4 1002
5 476 176
4 783
4 400
4 801
4 693
4 1077
4 818
5 22 207
4 1208
4 1327
4 1013
5 1 680
5 44 1297
4 81
4 737
4 105
5 886 387
4 1387
5 323 358
4 1013
5 475 551
5 286 26
4 787
4 529
4 847
4 1195
4 124
5 967 826
5 1381 1241
4 1093
4 17
5 877 1159
4 316
5 1187 657
5 423 1182
4 1311
4 258
4 1126
4 1112
5 972 1165
5 644 896
4 1265
4 1116
5 1392 211
5 785 74
4 847
4 302
5 1387 844
5 453 415
4 1345
5 404 1100
4 834
5 273 1103
4 68
4 534
5 1109 948
5 11 61
4 432
5 930 1137
5 228 1189
5 883 322
5 186 592
4 650
5 916 227
4 1253
4 1382
4 725
4 1343
4 421
5 994 921
5 419 1285
4 531
4 1301
5 1366 496
4 1065
4 298
5 338 393
4 2
5 180 1011
5 1270 916
5 364 177
4 619
5 861 180
4 1321
5 1052 624
5 169 896
4 307
5 292 776
5 344 761
5 299 739
4 265
5 1218 1386
5 818 110
5 1022 32
5 716 1322
5 436 60
4 244
5 612 66
4 178
5 1091 1235
4 778
5 158 962
4 828
4 551
5 1386 762
5 837 1389
4 192
4 320
4 456
4 993
4 833
4 992
4 406
5 962 544
5 556 724
5 1307 867
4 482
4 1385
4 16
4 676
4 1043
4 1287
4 928
4 1148
4 1317
5 1106 87
4 249
4 755
4 282
4 926
5 858 21
4 504
4 1224
4 4
5 1032 206
4 224
4 1058
5 133 882
5 666 962
4 768
4 621
4 1229
4 157
4 478
4 980
5 58 962
5 1309 1064
5 487 1172
5 60 466
5 1312 137
5 449 1354
4 350
5 412 852
4 654
5 410 1090
4 594
4 853
4 863
4 265
5 124 712
4 1381
4 452
4 118
4 246
4 832
5 1057 412
4 573
4 1293
5 16 702
4 661
4 1137
5 190 987
5 1182 1082
4 1205
5 339 822
5 988 1287
5 228 837
4 1117
5 1353 798
5 993 1375
5 101 563
5 1040 164
5 909 425
4 615
4 274
5 176 372
5 946 423
4 241
5 523 1099
4 68
4 1125
5 743 717
5 1193 1207
4 859
5 360 557
4 776
4 381
5 1012 336
4 733
5 128 899
5 308 1038
4 512
5 538 1275
5 1322 283
4 1254
5 1349 1023
4 347
4 803
5 30 937
5 994 1245
5 794 392
4 927
4 655
4 581
4 1077
5 612 360
4 717
5 626 1388
5 1050 795
4 904
5 1007 459
5 382 210
5 1141 632
4 740
4 1212
5 679 1164
5 1030 1234
5 239 1277
5 957 1169
5 583 661
5 753 16
5 1196 401
4 376
4 598
4 325
5 608 985
5 1106 208
4 792
5 223 596
4 860
5 160 828
5 887 753
4 1245
5 218 1017
5 519 163
4 342
5 24 451
4 1091
5 298 579
5 201 116
5 1084 854
5 1212 572
4 171
4 111
5 268 582
4 501
5 1068 119
5 79 279
4 922
5 183 678
4 881
5 872 455
4 94
5 943 924
5 987 14
4 160
5 540 531
4 749
4 252
5 293 1070
5 882 749
5 486 1002
5 847 1161
4 451
5 1015 410
5 87 876
5 692 1017
4 940
4 439
5 371 1252
4 583
4 342
4 1227
4 1000
4 1026
5 1315 45
5 838 135
5 391 590
4 36
5 1176 699
5 543 476
4 915
5 507 603
5 529 179
5 653 170
5 556 1320
4 825
5 107 602
5 760 1228
5 853 1320
4 1165
5 587 1034
5 57 610
5 1243 1103
5 1351 529
4 1322
5 237 766
4 780
4 917
4 617
5 311 559
5 126 1194
4 320
5 302 208
4 729
4 1077
4 1001
5 320 1330
4 287
5 572 140
4 229
5 723 631
4 900
5 272 169
5 903 847
4 320
5 877 959
5 1214 1304
5 1289 211
4 208
4 899
4 1139
4 1194
5 946 1260
5 89 1194
5 1266 455
5 1272 632
5 809 695
5 907 1270
5 193 956
4 506
4 1308
4 957
5 830 1248
5 157 554
5 795 989
4 966
5 1269 619
5 1242 511
5 181 1068
4 795
5 1366 642
4 908
5 943 21
5 1351 1130
4 685
4 282
5 861 1191
5 135 1055
5 1201 303
4 1350
4 518
4 1129
4 1259
4 59
5 505 1065
5 681 205
5 525 457
4 1108
5 593 1087
4 517
5 1311 116
5 975 700
5 12 1374
5 223 603
4 703
5 6 1165
4 498
4 1192
4 206
4 291
5 214 196
4 985
4 939
5 653 721
4 1134
4 392
5 1252 143
4 885
5 225 198
4 224
4 1400
5 1381 730
5 742 493
5 1134 508
4 946
5 321 124
5 411 757
5 847 941
4 1375
5 707 1062
5 426 410
4 536
4 845
4 200
4 330
4 1381
4 490
5 981 869
4 1091
5 586 796
5 1389 1034
5 614 1363
4 398
4 433
4 442
5 1309 799
4 133
4 480
5 502 457
4 1027
4 468
4 742
4 1323
4 1007
5 1391 549
5 609 1130
4 1110
5 272 190
5 593 761
4 157
4 175
4 125
5 799 1285
5 26 835
5 1278 43
4 146
5 814 23
4 209
4 962
4 351
5 1008 1390
5 1123 1267
5 1145 977
5 787 792
4 675
4 1046
4 455
4 1014
5 633 992
5 1139 1051
4 972
4 916
4 1361
4 263
5 42 240
4 1058
5 32 1101
4 229
5 768 358
5 924 500
5 687 415
5 946 206
4 1258
5 773 778
4 341
5 419 326
4 985
4 1208
4 803
5 320 561
4 1353
5 1051 985
4 60
4 594
5 816 1360
4 793
4 74
5 397 590
4 172
4 125
4 1120
4 1136
5 532 65
5 919 1331
4 430
4 1147
4 498
4 325
5 739 643
4 491
4 394
5 323 782
5 919 599
4 31
4 228
5 897 380
5 541 996
5 762 1377
4 432
5 144 383
4 498
5 723 327
5 821 477
4 415
4 223
4 96
4 1044
5 719 578
4 1228
5 879 1098
4 940
5 932 1391
4 237
4 726
4 498
4 559
5 157 57
5 1304 980
4 382
5 907 1314
4 724
4 113
5 181 966
4 1195
4 514
5 575 1007
4 81
4 1176
4 1118
4 1109
5 758 504
5 297 754
5 470 817
4 920
5 1101 1392
5 72 599
5 743 395
4 798
4 558
4 188
4 66
5 858 169
4 1252
5 940 236
5 785 1396
4 203
4 881
4 1078
5 1127 230
4 586
4 1005
5 46 903
4 51
4 1378
5 1319 249
5 683 416
5 748 736
5 103 982
4 291
4 221
4 150
4 751
4 199
4 59
4 200
5 435 1180
5 922 573
5 155 1022
4 749
4 653
5 972 798
4 1057
4 64
5 951 366
5 480 10
4 1137
5 563 995
4 401
5 703 345
5 1008 817
5 1001 1139
5 477 132
4 1180
4 1253
4 978
5 958 1032
4 1186
5 103 702
4 487
5 317 293
4 1051
5 264 313
5 1263 800
5 41 1039
4 1329
5 740 779
5 1367 927
5 242 268
5 496 1254
5 621 1115
5 74 833
4 871
4 742
5 255 1276
4 1158
4 1166
5 115 105
5 327 1109
4 314
5 91 569
4 692
4 215
4 809
4 259
4 934
5 1260 843
4 610
4 1355
5 120 651
4 803
5 22 204
4 1207
5 210 126
4 1084
4 1284
5 1360 161
5 1078 532
5 1169 513
4 973
5 376 1071
4 391
4 182
5 1050 219
5 1244 888
4 1325
5 14 945
5 2 254
4 308
5 26 1064
5 1315 797
4 1044
5 685 1122
5 1047 1194
4 1053
5 1395 190
5 413 963
4 6
5 1220 1329
5 1345 766
4 1042
4 1106
4 167
4 251
5 366 465
5 763 1359
4 273
5 13 258
5 1271 115
4 955
5 734 1378
5 1193 1384
5 818 899
5 745 1323
4 721
4 107
4 181
4 528
4 1224
4 283
5 1386 205
5 137 38
4 1257
5 467 375
5 942 726
4 1185
4 779
5 1382 1355
5 315 984
5 805 158
4 790
5 1036 1109
5 1032 1008
5 270 1110
4 718
4 1045
4 1062
5 484 571
4 1382
5 326 532
4 330
5 683 1340
5 1191 605
4 1348
5 1228 991
5 1011 558
4 1116
5 1249 479
4 721
4 553
4 637
5 558 1113
4 542
4 865
5 24 1122
4 956
4 135
5 1057 925
4 1225
5 1292 345
4 560
4 1299
5 535 412
5 1138 433
4 55
4 745
5 851 609
4 1017
4 781
4 1191
5 794 1331
5 727 161
4 175
5 1001 142
5 1251 1140
4 643
5 900 356
4 659
5 464 187
5 561 706
5 100 1290
5 673 165
5 907 1284
4 993
5 555 1223
4 277
4 170
5 1213 150
5 1095 530
5 608 287
5 1000 1337
5 1029 596
5 1354 219
4 1078
5 1204 227
5 936 998
4 732
4 378
5 863 494
4 1088
4 955
5 455 430
4 200
4 266
4 1147
5 639 680
5 835 1031
5 210 445
4 424
5 311 171
5 948 573
4 143
4 495
4 1287
5 466 348
5 70 842
4 654
5 385 879
4 1083
5 472 1241
4 676
5 615 501
5 1252 25
4 1171
4 1032
4 1028
5 961 507
4 382
4 118
5 1264 777
4 1037
5 568 252
5 254 928
4 697
4 1273
5 885 986
4 479
5 1307 6
4 593
5 1344 277
4 1081
5 402 230
5 1386 325
4 360
5 623 800
5 1230 895
4 147
4 1329
4 914
4 1142
5 322 1101
5 883 1174
4 861
5 605 1217
5 107 191
5 363 1143
5 818 488
4 1176
5 858 949
5 132 286
5 718 432
4 773
5 1288 1329
5 761 899
5 1087 774
5 834 1058
4 812
4 432
5 1012 177
4 179
4 1277
4 1154
4 788
5 304 942
5 62 705
5 1148 1069
4 38
5 876 115
5 881 1157
4 51
5 776 50
5 468 487
4 1172
5 1399 7
5 374 1005
4 578
4 1322
4 31
5 823 232
4 1290
4 652
4 22
4 914
4 287
4 1196
4 1177
5 417 39
4 340
4 1320
5 1074 637
4 1337
4 552
4 110
4 999
4 1174
4 557
5 232 419
5 288 161
5 850 1105
4 1032
4 780
5 845 622
5 1235 148
5 232 998
5 162 69
4 878
5 516 1129
4 978
4 256
4 280
4 67
4 957
4 1086
4 248
5 695 1321
4 640
5 1144 936
4 1050
5 260 622
4 106
4 440
5 270 582
5 1010 968
5 230 515
5 308 329
5 23 309
4 747
5 372 1159
4 72
5 1062 859
4 356
4 149
5 790 867
4 1174
5 1311 673
5 1180 1137
4 269
4 862
4 1260
5 220 533
5 594 758
4 688
5 1244 807
5 1400 1075
4 445
5 1239 1082
4 899
4 73
5 806 1312
5 767 633
4 21
4 1282
4 719
5 280 419
5 951 723
4 1254
4 558
4 1195
4 42
4 188
4 815
5 905 630
5 551 652
5 1329 680
5 113 922
4 95
5 1254 1290
4 878
4 1205
5 703 935
5 1385 665
4 63
5 138 855
5 1150 1026
4 1270
4 112
5 825 1101
4 1085
5 1262 525
4 889
4 562
5 916 1104
4 1048
5 482 318
4 401
5 341 172
5 1304 594
5 710 231
4 844
5 245 744
4 228
4 95
4 725
4 892
4 516
5 1261 1044
5 1188 586
4 282
4 855
4 1228
5 365 1161
4 957
5 802 1136
4 561
5 735 822
5 10 316
4 72
4 1383
5 1213 1071
4 957
5 1210 52
5 177 1222
5 259 134
4 939
5 572 329
4 685
5 1266 658
4 508
5 367 919
4 721
5 1058 1356
5 952 1157
4 996
4 19
5 1361 955
5 879 103
4 1334
5 620 514
5 320 642
4 839
5 85 218
4 677
5 765 1249
4 1068
5 1206 659
5 866 573
4 550
4 167
4 1377
5 93 501
5 1100 186
5 263 521
5 812 832
4 953
5 893 788
5 735 701
5 157 308
4 970
4 550
5 948 1347
5 838 1377
4 1062
5 1231 1138
5 406 808
5 396 1274
4 89
4 977
4 974
5 1045 848
4 966
4 538
4 75
5 840 811
4 672
5 575 1086
5 1286 210
4 542
4 1067
4 422
5 938 840
5 853 1160
5 1192 1054
5 607 1091
5 37 1087
4 143
5 172 1399
4 1010
4 1121
5 3 843
4 1353
5 1115 1396
5 607 1169
5 1318 762
5 634 1155
4 832
5 933 1070
4 142
5 381 558
5 405 834
4 1028
4 29
5 928 548
5 763 191
4 265
5 1281 45
4 190
5 179 1298
5 419 625
4 198
5 1361 326
4 1090
4 621
4 338
4 813
5 858 1312
5 434 1108
5 1297 1092
4 40
5 1148 345
4 146
4 1316
4 1101
5 822 831
5 1302 957
4 1027
5 1210 184
4 153
5 577 581
5 223 1215
4 547
4 861
5 913 915
5 1304 122
5 980 211
5 1014 140
5 397 886
5 440 522
5 793 725
4 303
4 878
5 699 963
5 1037 1099
5 530 1307
4 388
4 1263
5 528 833
5 1028 545
4 147
5 1142 96
5 1333 144
4 459
5 766 3
5 1013 1145
5 334 873
4 598
4 917
4 654
5 1173 733
4 874
4 933
5 654 1291
4 141
5 170 729
5 723 513
5 249 225
5 114 644
5 560 47
5 813 1382
4 1253
5 299 1129
5 1030 52
5 463 741
5 839 365
5 50 1084
4 436
5 67 397
5 593 572
5 1207 1267
5 1062 630
4 758
4 823
5 544 1029
4 971
4 836
4 166
4 957
5 1176 339
5 563 629
5 409 15
5 393 615
4 1060
5 1208 665
5 568 329
5 1065 119
4 30
5 623 269
4 839
4 1089
4 927
5 792 550
4 355
5 1134 109
4 1044
5 995 696
4 818
5 979 456
4 967
4 1222
5 261 644
4 326
5 339 713
5 413 817
5 492 1162
5 1168 1072
5 78 679
4 378
5 150 1264
5 690 764
4 527
4 1204
5 1234 800
5 324 101
4 119
4 565
4 1157
4 439
5 126 774
4 629
5 898 1088
4 1149
4 106
4 1388
5 339 430
4 448
4 693
4 827
4 861
4 263
5 1349 454
4 915
4 816
4 409
4 56
4 929
5 1353 390
4 992
4 33
5 65 1076
5 1295 179
4 580
5 504 618
4 1014
5 547 1068
5 76 18
4 507
4 515
5 40 351
4 76
4 965
4 454
5 797 668
4 1162
4 1268
4 71
4 1324
5 87 81
5 552 1394
5 862 1263
4 70
4 1124
4 427
5 684 166
5 1222 1131
4 589
5 224 1215
4 161
4 1153
5 245 1029
5 760 207
5 437 830
4 338
5 111 1218
4 213
5 161 516
5 453 791
5 447 691
4 811
4 337
5 356 816
5 293 1383
4 496
4 414
5 949 1159
5 1373 1014
5 1146 1386
4 402
4 902
5 1327 572
5 1091 918
5 775 169
4 1376
4 893
5 304 1119
5 1256 384
5 1052 1082
5 1240 1079
5 1099 1236
4 1248
5 157 931
4 142
4 1033
5 1281 932
5 1009 1022
5 871 1191
5 1031 940
4 1197
5 1260 1041
4 626
4 247
4 290
4 1107
5 778 1273
5 1021 885
4 833
5 673 1119
5 708 122
5 122 933
4 389
4 1080
4 671
4 576
4 1180
5 1293 976
4 165
4 517
4 559
4 57
5 1274 773
5 729 340
5 68 908
5 618 1149
5 1357 639
4 811
4 995
4 882
4 1208
5 259 740
5 338 870
5 1383 325
4 518
4 1365
4 697
5 105 988
4 973
5 1101 1281
4 1245
4 582
5 922 464
5 1000 384
5 832 1038
4 816
4 220
4 127
5 48 344
4 1327
4 737
5 892 1337
4 1372
4 1284
5 1097 430
5 181 663
5 1270 741
5 1069 207
4 692
4 1285
5 1300 1363
4 233
4 540
4 1024
4 460
5 292 767
5 1001 1111
4 634
4 842
5 23 84
4 303
5 1302 476
5 893 869
4 602
4 185
4 1056
5 174 220
4 818
5 50 639
5 282 232
5 198 1080
4 416
5 1114 751
5 751 143
4 1324
5 1239 155
5 874 1400
4 1338
5 157 878
4 30
4 319
5 1366 1345
4 996
4 848
5 1050 382
4 852
5 385 564
5 1385 70
4 979
5 340 293
4 1038
4 705
4 38
5 459 737
5 580 106
5 1371 44
5 561 731
5 1292 699
4 1049
5 1398 1226
5 218 313
5 506 754
5 558 742
4 659
5 21 1104
4 1294
5 841 276
5 307 1283
4 154
4 821
4 121
5 196 485
5 659 732
5 525 760
4 722
4 296
4 728
5 1342 916
5 334 1070
5 580 1189
4 1065
4 282
5 993 206
5 924 421
4 97
4 194
4 1357
5 1374 1241
5 1273 235
5 596 1056
4 1105
5 1089 138
4 1062
4 244
5 794 269
5 1288 613
5 953 1370
5 1146 151
4 801
5 179 490
5 35 519
4 264
4 463
5 967 1133
5 92 824
4 439
4 245
5 726 433
4 541
4 76
4 776
4 570
4 291
4 204
4 932
4 1377
4 1307
4 1184
5 899 982
5 898 1093
4 522
5 41 15
5 847 3
4 395
4 968
4 700
5 37 130
5 486 69
4 357
4 1110
5 1366 243
5 13 1075
5 1388 82
4 270
5 443 569
4 744
5 961 452
5 1037 1369
4 801
4 1180
5 273 658
4 880
5 849 671
4 1061
4 490
4 1334
4 466
5 507 1286
5 243 641
5 1076 1123
4 1001
5 596 144
5 45 1064
4 700
5 287 892
4 1360
5 1176 1114
4 384
4 735
5 1357 101
5 1142 918
4 612
4 477
4 1232
5 947 1399
5 1342 1140
4 296
5 50 579
5 646 534
4 996
4 445
5 1034 36
5 1299 435
4 247
5 784 793
4 617
5 148 552
4 555
4 779
5 511 204
4 184
5 874 153
5 850 305
4 824
4 1370
4 912
4 357
4 116
4 20
4 1185
5 109 1048
5 1117 1333
5 784 996
4 31
4 393
5 53 478
4 379
5 425 741
4 1226
5 1051 1124
4 717
4 60
4 852
4 141
5 820 442
4 809
5 567 381
5 576 1118
5 1269 1148
5 328 1359
4 1100
4 884
5 1252 268
4 67
5 797 421
5 1328 671
4 741
5 303 798
4 278
4 379
5 103 506
5 1045 1398
4 689
4 237
4 825
5 167 668
5 668 456
5 366 835
4 1272
5 1009 747
4 1256
5 591 101
4 244
4 611
5 387 679
4 935
4 1038
4 785
4 935
5 859 992
5 1286 30
4 1056
5 176 604
5 10 1313
4 902
5 1007 200
4 842
4 779
4 1002
4 1055
4 2
4 388
5 157 1249
4 1010
4 759
4 245
4 114
4 500
4 1293
5 928 162
5 643 431
4 1124
4 498
4 496
4 233
5 1175 340
4 928
5 143 1163
5 1287 807
4 275
4 581
5 770 328
5 1142 1237
4 72
4 441
5 414 324
4 367
4 1096
4 997
5 1318 1139
5 785 305
5 1377 671
5 306 318
4 1228
4 788
4 842
5 372 191
4 695
5 172 200
4 89
4 997
5 46 244
5 71 359
4 1206
5 843 148
4 1100
5 477 484
5 156 1233
5 621 277
5 825 597
4 479
4 620
5 1254 722
4 1251
4 401
5 630 492
4 425
5 318 506
4 86
5 875 290
5 493 295
5 898 961
4 591
4 961
4 791
4 113
5 734 1061
4 1203
4 385
4 794
4 16
4 1311
4 1092
4 7
4 271
5 828 875
5 419 166
4 706
5 940 339
5 1108 1297
4 806
5 540 315
5 404 473
4 1326
4 1355
4 365
4 719
4 1206
5 814 657
5 308 1238
5 986 212
4 1303
5 723 295
4 1389
4 108
5 690 753
4 120
4 585
4 625
5 1275 746
4 212
4 386
4 23
4 405
4 1030
5 273 1164
4 438
4 1133
4 183
4 1224
4 1245
5 1385 1019
4 335
5 897 972
5 594 1373
5 1203 1204
4 788
4 1055
4 628
4 713
4 56
5 156 996
5 1148 1037
5 729 815
5 317 969
4 1086
5 588 151
5 203 943
5 953 68
4 948
4 1252
5 1118 1040
4 605
4 1251
5 1256 793
4 518
4 1240
5 208 1250
5 1250 1068
5 267 103
5 970 507
5 561 211
4 1221
4 240
4 548
4 548
4 1283
5 639 518
5 122 698
5 1127 937
4 875
5 1059 320
5 96 238
4 857
5 837 326
4 683
4 209
5 726 1371
5 174 464
4 1110
4 58
4 1363
4 644
5 80 1242
5 1107 371
4 578
5 818 791
4 1280
5 317 31
4 1260
4 617
5 589 4
5 1083 1127
5 182 1281
4 976
4 449
5 284 307
4 287
4 315
4 663
5 40 572
5 1337 366
4 92
4 1381
4 855
4 953
5 1029 227
4 445
5 980 736
4 670
4 514
4 1148
4 692
5 161 1081
4 810
4 1351
5 1101 704
5 1354 1139
4 885
4 1102
5 1050 546
5 905 183
5 158 992
4 1324
4 1340
5 795 1397
5 352 1047
4 177
5 1390 1174
4 331
5 1220 405
5 713 1346
5 45 741
5 1392 1308
5 56 925
4 1248
5 853 161
4 90
4 523
5 1357 656
5 933 946
5 1067 899
5 1225 1329
5 443 170
4 440
4 310
4 563
4 1085
4 699
4 797
4 823
4 992
5 852 360
5 408 1292
5 1372 454
4 4
4 233
4 340
4 1291
5 450 946
4 1127
5 346 459
5 770 11
5 727 855
5 265 391
5 616 246
5 1073 280
5 1266 1219
5 880 1332
5 191 658
5 488 314
5 415 578
5 252 819
5 471 123
5 1388 1004
4 341
4 449
5 1275 855
5 190 839
4 148
4 1015
4 420
4 828
5 665 779
4 1121
5 734 1202
5 3 585
5 376 463
5 149 879
4 1306
4 726
4 1177
4 232
4 770
5 515 1082
5 1042 655
5 1107 456
5 385 408
5 1094 1275
5 555 991
5 231 551
5 869 1220
4 1355
5 1370 962
4 827
4 995
4 542
4 891
4 1149
4 83
5 353 406
4 474
4 937
4 1057
4 1297
5 1183 533
4 174
4 1251
5 1013 1327
5 169 1280
4 816
4 248
5 1376 320
4 480
5 1323 285
4 1251
4 474
4 1145
4 1135
5 129 1277
4 1191
4 961
4 453
4 1323
5 155 600
5 975 532
5 763 990
5 278 634
4 825
4 721
4 869
5 622 421
5 969 325
5 92 1382
5 1246 390
5 744 10
4 227
4 241
4 555
4 715
4 828
4 587
4 949
5 1314 1346
4 467
4 43
4 493
5 1072 196
5 948 1381
4 763
4 92
4 1338
5 913 428
4 22
4 74
4 941
5 285 1349
5 113 336
5 38 1191
5 1302 1217
5 1361 318
5 1117 970
4 199
5 1361 553
5 1282 1201
4 1228
4 1110
4 744
5 263 1066
5 785 348
4 453
5 1092 1040
4 508
5 14 1242
4 565
5 1258 680
5 66 1087
4 923
5 1167 947
5 805 265
5 469 772
5 765 216
4 787
4 421
5 1054 770
5 1036 282
4 134
4 1284
4 934
4 1141
4 349
4 358
5 889 1168
5 992 282
5 503 679
4 826
4 1295
4 1026
4 1326
5 351 408
5 732 270
5 1115 1003
5 77 1158
5 371 972
5 141 948
4 1089
5 402 150
4 93
5 362 65
4 1142
5 671 1386
5 369 499
5 22 1382
4 535
4 1125
5 496 1132
5 1212 706
5 444 1131
4 1299
4 347
4 590
5 782 719
4 534
5 1069 1240
5 1287 1115
4 1005
5 50 684
4 383
4 919
4 1059
5 52 852
4 203
5 1049 387
4 481
5 1338 442
5 1006 112
5 1384 804
4 437
4 95
5 92 127
5 492 1157
5 181 694
4 919
5 116 271
5 1224 319
4 710
4 1153
4 388
5 1028 153
5 875 965
5 1388 264
4 238
5 957 804
4 1136
4 663
5 1213 369
5 750 9
4 595
5 127 152
5 154 1278
4 17
4 170
5 146 73
5 1373 819
4 99
4 241
4 698
4 186
5 201 937
5 1210 1273
5 205 170
4 1212
5 563 263
4 282
4 336
5 268 1376
5 1046 1157
5 693 1388
4 331
5 822 624
4 1166
5 719 65
5 179 172
4 152
4 1163
5 479 360
5 1200 919
5 1088 1368
5 125 1117
5 1054 1103
4 576
4 623
4 1220
4 1296
5 525 862
5 988 239
4 641
5 515 772
4 522
5 221 1267
4 729
4 464
5 312 1007
4 528
4 1329
4 707
5 493 172
4 178
5 314 839
5 935 1150
4 878
4 608
5 1119 1332
4 1259
5 1112 350
5 1060 218
5 327 278
4 1377
4 309
5 1271 1006
4 1157
4 290
5 864 598
4 245
4 604
4 749
5 1335 483
5 235 103
4 277
5 1288 177
4 146
4 467
5 1210 371
4 704
5 98 260
5 506 1163
5 407 408
5 1020 583
5 605 487
5 1244 855
5 255 326
4 16
4 574
4 64
5 861 1241
4 596
5 1062 511
5 83 155
4 119
4 10
5 1012 543
5 521 524
4 762
4 482
5 1333 839
5 837 536
4 1237
4 1283
4 405
4 416
5 866 675
5 994 43
4 949
4 463
4 221
5 216 608
4 22
4 345
4 649
4 1343
4 908
5 232 263
4 21
4 1336
5 593 208
4 474
4 676
5 894 369
4 1182
5 987 973
5 1016 204
5 775 1074
4 481
5 599 1263
4 94
5 1263 304
5 65 190
4 1058
4 301
5 499 866
4 497
4 1063
4 236
4 383
4 294
5 623 595
4 25
4 71
4 779
4 438
4 989
5 346 435
5 385 880
5 1183 68
4 898
5 1262 158
5 122 327
5 1131 1115
4 1347
5 1307 485
4 1105
5 371 89
4 509
5 1337 718
5 209 1057
5 882 135
5 286 306
4 1097
4 1347
4 197
5 335 463
5 827 825
4 1334
5 71 55
4 956
4 379
5 1252 780
5 1332 197
5 320 1143
5 72 1124
5 863 104
4 500
4 122
4 458
5 101 1263
5 1003 732
5 664 340
5 772 281
5 1037 749
4 435
5 1166 671
4 652
4 1037
5 1209 1143
4 1163
4 1257
5 671 4
5 74 1163
5 831 376
5 1118 466
4 858
5 1277 823
4 587
4 1136
4 482
5 1248 118
4 558
5 1001 115
4 685
5 326 523
5 29 1273
5 1209 218
5 1097 193
4 399
5 1394 591
5 1233 1168
4 799
4 840
4 1317
4 976
4 452
4 1157
5 940 731
5 752 1304
5 745 347
4 911
5 798 503
4 418
4 240
5 936 443
4 344
4 690
4 802
5 134 11
5 1245 975
4 1059
5 315 205
4 543
5 559 268
5 716 952
5 1363 104
4 995
5 1319 1190
4 280
4 440
5 1400 442
4 575
5 707 1190
4 1259
4 193
4 827
4 560
5 1184 253
5 969 55
4 962
5 1014 1199
4 1030
5 1354 917
4 357
5 1246 109
4 1353
5 189 967
4 383
5 366 202
4 94
5 555 335
5 593 452
4 121
5 604 656
4 661
4 300
4 786
5 640 1185
5 796 843
4 661
5 277 52
4 770
5 466 1260
5 678 273
5 236 1215
4 769
4 922
4 817
4 450
5 906 916
4 523
4 1166
5 64 862
5 554 179
4 1209
4 1254
4 1372
4 505
4 711
4 337
4 610
5 500 12
5 1008 793
5 233 50
5 352 1076
4 954
5 354 61
5 361 678
4 267
5 647 161
4 829
5 1146 219
5 670 759
4 657
5 547 684
5 82 474
4 502
4 310
4 205
4 1392
5 856 614
4 889
4 172
5 389 184
4 78
5 207 1171
4 1230
4 176
5 720 176
5 1064 695
5 1150 763
4 985
5 655 1201
4 562
4 770
5 1097 1076
4 912
4 1030
5 82 384
5 67 314
4 1143
5 1257 61
5 465 57
4 1119
4 217
5 20 207
4 749
5 620 204
4 774
4 1004
4 64
4 310
4 130
4 439
5 5 23
4 471
4 446
4 185
5 1292 2
5 1006 546
5 72 825
4 209
5 261 807
4 293
5 805 799
5 730 46
5 651 1319
4 808
4 180
4 1247
4 387
5 665 461
4 903
5 1298 1187
4 942
5 448 1350
4 417
5 635 1002
4 381
5 565 949
4 224
5 103 1037
4 662
4 1140
5 926 780
5 622 1040
4 85
4 227
5 1068 656
5 1069 878
4 551
5 1069 961
4 300
5 550 426
4 650
4 1240
4 47
5 1 1027
5 751 1322
5 426 139
4 292
5 912 988
4 1005
4 631
5 492 775
4 1082
4 255
4 285
5 215 1333
4 872
5 208 567
5 68 644
5 587 1057
4 1321
4 417
4 1370
4 1159
4 1047
4 82
4 1074
5 909 502
5 255 355
4 17
5 793 451
4 522
4 230
4 559
5 269 162
5 198 217
4 372
5 573 727
4 1279
4 114
4 1384
5 785 1228
4 541
5 1050 86
4 587
4 146
5 28 398
5 313 116
5 660 598
4 144
5 1177 385
5 361 542
5 785 1367
4 45
4 890
5 25 290
5 873 1384
4 544
5 420 1212
5 44 927
4 1129
5 129 881
5 1166 15
4 714
5 535 1287
4 345
5 594 944
4 828
5 743 688
5 675 1241
4 174
5 421 744
4 438
4 504
5 1308 460
5 320 171
5 328 463
5 1329 1010
4 650
4 525
4 505
5 1315 291
5 998 541
4 1378
5 688 307
4 387
4 629
5 517 310
5 712 404
4 1318
5 354 225
5 469 611
5 613 1330
4 138
4 262
4 181
4 1317
5 926 526
4 287
4 1275
5 908 846
5 1004 673
5 736 1196
4 794
5 84 435
4 426
4 325
4 382
4 595
4 1047
5 460 141
5 1297 398
5 597 532
5 1298 516
5 1027 898
4 307
4 482
5 256 486
5 947 648
4 1092
5 599 991
5 605 590
4 662
4 89
5 486 648
4 1135
4 10
4 750
4 85
4 1396
5 961 502
5 359 176
5 1258 863
4 278
5 1095 1392
5 1340 816
5 1038 519
4 143
4 1363
4 53
5 1153 318
5 213 1153
5 238 426
5 1069 208
4 280
4 221
4 91
5 1226 348
5 584 232
5 4 279
5 520 1316
4 952
5 285 684
4 705
5 202 1135
5 3 1375
5 646 242
4 1130
4 656
5 303 955
5 6 987
4 926
5 1265 1254
5 93 343
5 1025 182
5 1126 63
4 884
4 437
4 657
4 478
5 1279 412
4 602
4 929
5 1283 1186
4 1198
4 362
4 855
4 1361
4 1323
4 1379
5 1356 1116
5 1290 377
5 1333 668
4 1173
4 1264
5 834 633
5 1344 546
4 159
5 337 85
5 840 282
4 977
4 825
4 710
4 1295
5 190 1098
4 1099
4 1349
5 168 774
4 414
5 744 1092
5 686 594
4 1353
4 353
5 629 1001
4 797
4 273
4 902
4 1138
5 1333 324
5 874 590
5 923 164
5 1098 189
4 529
4 3
4 26
4 334
4 1119
4 672
5 824 258
5 527 424
5 792 81
4 1007
4 921
4 1115
5 1125 538
5 1309 1209
4 414
5 64 278
5 1065 680
5 704 873
5 1088 423
5 422 443
5 329 1167
4 316
5 1095 538
5 529 371
4 603
5 1065 811
5 361 266
4 190
4 228
5 105 223
5 1237 781
4 1162
4 50
4 648
5 74 502
5 579 778
5 1394 790
5 880 1104
5 929 212
4 27
4 485
4 48
4 526
5 647 810
5 234 360
4 1122
5 626 477
5 655 502
5 1034 93
5 179 570
4 565
5 1221 862
5 758 976
4 1299
5 807 629
5 1159 648
4 701
5 587 399
4 321
5 43 51
5 1394 143
4 773
4 1186
5 540 1097
4 396
4 141
4 529
5 990 124
5 464 105
4 1200
5 642 94
4 1352
5 10 1048
4 923
5 467 116
5 710 1186
4 216
4 485
4 628
4 907
5 152 153
5 612 524
5 97 730
5 1113 143
5 792 806
5 818 464
5 255 918
4 368
5 1165 1156
4 207
4 1016
5 165 1100
5 997 866
5 80 1128
5 996 96
4 473
5 1025 760
4 526
4 999
5 849 287
4 265
5 390 1283
5 416 511
5 725 138
5 515 121
5 328 1271
4 757
5 959 408
5 1071 362
4 778
4 832
4 497
5 769 206
4 1098
4 646
5 956 317
5 1093 1179
5 1054 469
4 448
4 699
5 709 400
5 591 1194
5 108 1121
5 497 756
5 785 808
5 1311 758
5 585 325
4 983
5 3 108
5 215 55
5 136 59
5 416 994
5 1222 349
4 731
5 41 924
4 494
5 812 601
4 814
4 433
4 74
5 721 1139
4 883
4 292
5 500 737
5 89 583
4 9
5 937 1097
5 963 568
5 565 1034
5 130 311
5 36 1262
5 1064 630
4 1115
5 1069 200
5 272 582
4 1377
5 1161 249
4 549
5 956 1034
5 463 42
4 994
4 444
4 629
5 1254 918
5 1372 95
4 987
5 1070 977
5 910 465
5 1338 964
5 795 935
5 643 674
5 1366 750
4 846
5 549 80
4 870
5 194 722
5 207 420
4 185
5 1271 1155
4 695
4 195
5 1175 8
4 860
5 712 747
4 756
5 62 457
4 17
5 764 758
5 1145 1105
5 52 1381
5 830 523
4 793
5 1235 709
5 224 763
4 193
4 857
4 1051
4 967
4 579
5 1033 772
5 716 1386
4 443
4 571
4 432
5 999 1208
5 1344 185
4 856
5 620 1332
5 501 1132
5 314 388
4 698
5 670 1356
4 319
4 279
5 804 1398
5 1026 1212
4 1368
4 1221
5 92 838
5 307 256
4 911
5 373 866
4 508
4 748
5 1039 588
5 627 1242
5 139 776
4 1099
4 1212
4 950
5 460 12
4 694
4 33
5 208 164
5 115 1365
5 932 1064
5 494 1232
5 922 881
4 762
5 576 278
5 1005 835
4 688
4 1052
4 581
4 296
4 1385
5 369 572
5 1392 349
5 289 1070
4 759
5 804 1175
4 126
5 434 394
4 386
5 436 803
4 1128
4 114
4 1034
5 611 658
5 886 904
5 36 790
5 676 206
5 1069 519
4 10
5 45 1283
4 1005
5 797 1393
5 1303 1176
4 527
5 408 1343
5 1174 1065
4 128
4 956
5 1174 994
4 18
4 575
5 312 1145
4 263
5 40 74
5 543 131
4 328
4 1123
4 830
4 1124
5 1383 976
5 782 310
4 138
4 727
5 521 602
5 777 551
4 846
4 236
4 179
5 328 526
4 605
4 1061
5 616 787
4 1045
5 176 1344
5 1160 549
5 158 1161
4 179
5 1032 1118
4 287
5 343 825
5 437 961
5 1354 165
4 102
4 1197
4 974
4 366
4 1302
4 949
5 1255 1000
5 1334 573
5 151 481
5 1110 390
5 89 1345
5 942 940
5 415 871
4 1165
5 277 59
5 816 313
5 1144 727
4 1266
5 414 557
4 1284
4 222
5 1231 1378
5 613 553
5 1339 1124
5 1093 505
4 690
4 697
4 1358
4 1298
4 214
4 834
4 490
4 1010
4 474
4 993
5 516 879
5 72 647
5 9 1105
4 1116
4 625
5 1348 80
5 609 303
4 1191
5 379 845
5 1235 1213
4 665
4 615
5 835 1339
5 1297 424
5 314 675
4 299
4 1015
4 1271
4 470
4 32
5 1110 456
4 308
4 22
4 217
5 919 834
5 732 1018
4 71
4 595
4 119
4 883
5 326 198
5 410 751
5 544 1356
4 1119
5 639 442
4 1250
5 1101 352
4 828
4 668
4 125
4 598
5 764 1142
4 1101
5 1259 1267
5 220 1268
5 566 1020
4 361
5 212 726
5 782 1005
5 740 650
4 81
5 1090 873
4 1285
4 571
4 762
4 390
5 574 783
4 29
4 104
4 795
4 1345
4 1053
5 675 1310
4 56
5 135 85
5 334 857
5 136 1250
4 758
4 1116
4 456
4 597
4 833
5 1149 1319
5 93 659
5 981 794
5 206 981
4 984
4 463
5 353 1296
5 559 713
4 761
4 420
5 980 1035
5 1193 30
5 1239 900
4 649
4 327
5 509 21
5 1161 793
5 971 664
4 709
5 598 1145
5 204 941
4 352
4 1003
5 749 515
4 794
5 855 1373
5 216 1323
5 1100 938
5 120 310
5 279 971
5 647 621
4 559
4 868
5 983 1009
4 344
5 1212 228
4 1129
4 1043
4 486
5 1106 1142
5 909 1059
4 1119
5 1099 247
4 928
5 438 924
5 445 722
5 263 132
4 531
4 889
5 185 319
5 303 1352
5 653 1176
4 1097
4 622
5 1329 780
4 1369
5 386 1009
4 312
5 348 135
5 364 768
5 536 35
4 1318
4 897
4 610
5 4 1236
4 1244
4 1110
4 1082
4 881
5 703 855
5 1082 1251
5 597 6
5 576 375
4 1392
4 400
4 501
5 931 652
4 762
5 997 1289
4 268
4 281
4 1060
4 1265
4 913
4 15
4 127
5 512 433
5 1232 1094
5 322 458
4 895
4 326
5 745 1304
4 438
4 603
4 1145
4 1054
5 1025 116
5 393 496
5 160 501
5 344 1090
4 259
4 88
5 1278 1082
4 221
4 275
4 1193
4 713
4 1128
5 955 438
5 697 325
4 521
4 806
4 872
4 103
5 361 1061
4 185
4 354
5 201 943
4 898
4 995
5 1124 613
4 1284
5 335 239
4 1123
4 1362
4 372
4 1168
5 990 1042
5 116 953
5 1002 675
4 1323
4 156
4 756
5 80 347
5 461 50
4 214
4 909
4 1192
5 1057 1151
5 246 1022
4 39
4 1113
4 1400
4 122
4 1218
5 217 761
4 463
5 151 1101
4 1278
5 1223 778
4 792
4 731
4 222
4 1213
4 1088
4 619
5 619 197
4 1028
4 1346
5 16 742
5 1109 1049
5 182 991
4 831
4 1316
4 55
5 1014 302
4 1146
5 506 1254
4 1399
4 1039
4 495
4 707
4 164
5 65 62
4 1392
4 827
4 33
5 296 567
4 523
4 794
4 610
4 1168
5 403 78
4 1120
4 228
5 835 1059
4 1274
5 255 1134
4 1174
4 1333
5 1072 1118
4 915
5 213 792
4 272
4 620
4 445
4 363
4 163
5 433 393
5 626 324
4 620
5 86 1348
4 1006
4 161
5 1183 93
5 31 718
4 576
5 927 458
4 517
5 942 1379
5 545 450
5 755 867
5 149 65
5 1199 210
4 361
5 314 482
4 744
4 232
5 1249 1280
4 144
5 1315 67
4 386
5 190 337
4 892
5 1130 701
5 26 932
5 421 498
5 266 561
5 629 239
4 990
5 109 58
4 966
4 990
5 189 1401
5 792 860
4 505
5 838 316
5 1346 881
5 803 414
4 143
5 203 28
5 198 1357
5 99 946
5 1026 1130
4 21
4 628
5 56 907
5 804 707
4 317
4 1185
5 1362 860
4 405
5 999 1000
4 1154
5 74 558
4 1083
5 890 1392
5 900 1264
5 1195 1357
4 474
5 687 137
4 1289
5 969 456
4 1252
5 416 752
5 545 243
5 337 784
4 997
4 1048
4 923
5 1373 91
5 286 810
5 1340 418
5 747 808
4 1349
4 326
5 299 28
4 410
5 894 1019
4 941
5 1098 251
4 750
5 272 331
5 1367 509
4 167
4 893
4 589
4 1116
5 968 1194
4 50
5 270 407
4 1065
4 695
5 1157 326
4 79
4 321
5 880 114
4 1020
5 902 1151
5 817 684
5 576 1200
5 820 883
4 501
5 427 1356
4 985
5 993 449
4 736
5 764 4
4 275
5 1206 1180
5 1016 989
5 117 573
4 510
5 444 233
4 1359
5 1241 1257
4 615
4 689
4 457
4 1081
5 941 772
4 1002
5 95 1388
5 1142 1183
4 1149
5 1196 765
4 252
5 656 1199
5 332 322
5 307 1055
4 835
5 1349 745
4 877
5 1065 230
4 232
5 163 668
4 1125
5 1325 837
4 444
5 671 178
4 306
5 238 452
4 792
5 796 502
5 554 103
5 272 925
4 1051
5 899 721
5 670 28
4 1354
5 447 987
5 1304 253
4 524
5 554 1053
4 637
5 803 812
5 831 936
5 473 134
5 1231 1380
5 877 530
4 1083
4 24
4 1056
5 788 350
4 737
5 421 247
4 127
4 597
5 503 621
5 1280 644
4 1297
4 352
4 262
5 695 657
4 709
5 3 495
4 785
5 1267 1204
5 469 568
5 1124 1095
4 403
5 509 275
4 664
4 896
4 323
5 1088 265
5 493 1336
5 481 622
4 702
4 1393
5 1354 281
4 1180
4 453
4 852
4 566
5 355 501
4 598
4 981
4 360
5 1264 328
5 978 1314
4 856
5 971 528
4 1080
5 204 99
4 121
5 364 652
5 444 484
5 408 415
4 622
4 798
4 1350
5 596 981
4 187
5 818 862
5 1300 167
5 1346 876
4 844
5 773 576
5 1061 1357
4 437
4 1199
4 689
4 850
5 146 228
4 535
5 575 1010
4 959
4 854
5 283 844
4 38
5 577 360
4 1208
4 515
5 1135 1091
5 311 952
5 180 872
5 136 728
5 219 536
4 779
5 637 936
5 630 357
4 970
5 934 467
5 473 40
5 388 767
4 989
5 50 850
4 984
4 229
5 482 581
4 488
5 429 404
5 309 1354
4 422
4 385
5 1395 1112
4 53
4 522
4 995
5 1090 1399
4 150
5 362 694
5 746 744
5 1 1052
4 35
5 822 895
4 454
5 1394 530
4 678
5 728 1371
5 113 380
5 794 131
5 287 1037
4 727
5 1335 386
5 1388 353
5 1328 1295
4 1194
4 424
5 803 1149
5 319 583
4 575
4 1081
4 623
5 799 387
5 162 1344
4 1214
4 643
4 1164
5 1250 449
4 1194
4 259
5 261 1035
4 463
4 113
5 979 803
5 1023 226
4 917
5 815 1349
5 61 914
5 138 366
5 826 612
5 1044 1028
4 1326
5 1289 14
4 605
5 699 939
5 720 507
5 1365 897
4 94
4 1338
5 456 569
5 1331 378
5 22 35
5 231 33
4 1318
5 26 373
5 360 639
5 502 972
5 29 1027
4 1175
5 889 1080
4 357
5 187 1098
5 704 1368
5 194 1078
4 1371
4 336
5 667 167
4 759
4 414
5 1239 322
5 907 1393
4 365
5 253 1278
5 1371 1268
4 188
5 503 627
5 606 229
5 720 966
5 1093 82
4 484
4 443
5 282 753
4 635
4 74
4 177
4 928
5 517 564
4 1004
4 16
5 437 296
5 338 1085
4 1261
4 102
5 646 905
4 585
5 55 20
4 823
4 89
4 1193
4 359
4 1376
5 459 39
5 356 745
5 870 243
5 1306 1210
4 663
5 1007 357
5 313 479
5 1064 848
4 798
5 1083 1302
4 486
4 132
5 1215 988
4 286
4 1236
5 590 844
4 648
4 1183
4 63
5 258 432
4 614
4 1359
4 943
5 362 583
4 267
4 435
4 1157
5 1297 480
4 953
4 1039
4 1167
4 394
4 700
5 1045 592
4 1117
5 828 891
4 520
4 1135
5 587 14
4 164
4 1334
4 136
4 932
5 1371 1359
4 1150
4 412
4 251
4 86
4 525
4 1344
5 1026 201
5 594 1132
4 86
5 494 461
5 209 1006
5 1242 192
4 850
4 1393
5 745 1126
4 811
5 665 96
5 58 493
4 348
4 1001
5 1295 390
5 913 769
5 573 167
5 874 660
4 1365
5 602 1126
5 450 24
5 1176 508
5 1209 113
5 1251 1286
5 652 598
5 1256 1085
5 1366 642
4 610
4 1057
4 847
5 713 1064
5 258 997
4 236
4 1279
4 990
4 296
5 928 64
5 1392 292
5 1350 1141
4 352
4 800
5 166 1224
5 859 1370
4 698
5 1168 581
4 1255
4 1148
5 1108 910
5 976 797
4 916
4 716
5 1002 160
5 823 403
4 766
4 947
4 270
4 619
5 480 1282
5 729 952
5 201 166
5 348 681
4 1029
5 1295 436
5 41 142
4 33
4 1142
4 738
4 129
4 1030
4 1107
5 1128 442
4 36
5 170 1208
4 122
5 989 38
4 325
5 224 927
5 920 511
4 1065
5 614 509
4 1255
4 886
4 1248
4 1191
4 167
4 635
4 1139
4 852
4 860
5 366 538
4 1022
4 221
4 423
4 1120
5 635 1143
4 1363
4 640
5 911 654
4 587
4 938
5 884 664
4 482
5 845 555
4 1358
4 571
4 564
5 247 473
4 514
5 325 1220
4 1176
5 631 1020
5 1169 788
5 856 1091
5 623 205
4 442
5 487 1066
4 291
5 1247 588
4 633
4 725
4 1281
4 578
4 610
5 910 122
4 368
4 719
4 1174
4 839
4 236
5 245 329
4 204
5 1374 312
4 1030
4 953
5 47 1068
4 1046
5 1393 82
4 436
5 284 1045
4 1122
4 1182
4 1132
4 1009
5 542 1243
4 200
5 1220 950
5 1139 357
5 1400 808
5 624 1183
5 234 964
4 1126
5 81 711
4 1352
5 459 508
4 116
4 232
5 1284 1255
4 78
5 176 938
4 548
4 1351
4 337
4 806
5 575 1117
4 1102
4 1131
4 859
4 1242
5 1146 1354
5 95 181
4 277
4 801
4 685
4 1175
4 569
5 755 1401
4 1151
5 987 887
5 1014 309
5 1246 746
5 848 51
5 1200 330
5 295 121
4 33
4 1096
5 467 694
4 367
4 605
4 1322
5 822 1371
5 1259 980
5 938 696
4 342
4 809
5 896 731
4 910
5 582 344
4 1014
4 1289
5 401 600
5 595 8
5 888 748
5 491 409
4 1224
5 51 168
5 533 189
4 228
4 743
4 388
5 854 3
4 1173
5 536 505
4 428
4 938
4 92
4 1367
5 224 1100
5 684 872
4 899
5 1193 581
4 1155
5 1078 202
4 734
5 129 170
5 1200 452
4 980
5 985 242
5 751 1135
5 1009 244
4 425
5 1296 58
4 862
4 1355
5 241 618
5 378 434
4 263
4 505
5 442 234
5 1299 281
4 1287
4 1259
4 205
4 398
5 341 1318
4 301
5 680 581
5 1162 1199
4 642
4 335
5 382 511
5 396 1180
4 1184
5 548 550
5 1285 429
4 940
5 1281 348
4 590
5 653 381
5 197 1210
5 745 1344
4 1243
4 1338
5 186 835
4 340
4 1011
4 396
4 24
4 519
4 611
5 468 760
5 362 28
5 815 1126
4 461
4 673
4 496
5 325 5
4 634
4 648
4 501
4 109
4 120
5 346 92
4 722
5 710 1302
5 750 702
4 1358
5 1 230
4 808
4 869
5 1110 711
4 14
5 766 356
5 1286 44
4 514
5 303 975
4 999
4 1025
5 767 1051
5 410 186
5 1018 1045
4 174
5 959 442
5 722 306
5 551 1230
5 1024 148
5 1180 545
4 338
4 89
5 1095 511
4 1040
5 55 513
5 1232 1386
5 935 489
5 1093 605
5 926 1066
5 1158 690
4 734
5 209 305
5 794 1093
4 930
4 489
4 924
5 80 779
5 1144 897
5 64 807
5 1141 232
5 1114 1386
4 1157
4 242
4 96
4 611
4 913
5 721 776
5 801 1298
5 672 291
5 858 696
4 712
4 759
5 149 1358
5 572 712
4 1048
5 253 343
4 255
4 406
4 791
5 900 1160
5 469 413
5 1141 875
4 1187
5 1160 604
4 1100
4 438
4 551
4 755
4 868
4 1308
4 583
4 1335
5 712 200
4 524
5 268 290
4 1075
4 756
5 306 474
4 241
4 469
4 717
4 1050
4 641
4 403
5 1389 616
4 1184
5 1318 263
4 613
5 198 1233
4 799
4 228
4 729
5 1025 753
4 535
5 173 943
5 319 398
5 375 204
4 532
5 1335 82
5 1228 1078
5 1080 154
4 970
4 1339
4 326
4 1040
4 824
4 274
4 1366
4 776
4 1032
5 1368 561
4 267
5 613 1308
4 1253
5 242 894
5 997 521
5 493 1098
4 226
4 1178
5 20 723
4 49
4 87
4 1348
5 1069 609
4 456
4 321
4 1065
5 986 1030
4 1021
5 508 789
5 729 888
4 1013
5 836 576
4 705
4 667
5 1329 1079
4 129
5 1241 419
4 300
4 703
5 953 1085
5 1191 742
5 75 729
4 228
5 718 253
5 266 1197
4 545
5 116 776
4 422
5 837 1361
4 616
4 470
4 359
4 1260
4 866
4 821
4 275
5 989 972
4 788
4 979
5 30 21
5 499 391
4 808
5 445 818
5 1091 1223
4 814
4 407
5 463 492
5 1248 275
5 457 201
4 847
4 14
4 1254
5 440 405
4 907
4 1351
4 302
5 286 545
4 904
5 1104 435
5 75 1111
5 445 1245
5 1264 1300
5 1360 1391
4 448
5 883 484
5 269 1251
4 1064
5 170 923
4 356
5 543 317
5 827 86
5 1084 508
5 159 806
5 221 758
4 637
5 1107 1022
4 1343
4 208
4 1126
4 265
5 789 317
5 996 1007
4 514
5 1160 316
4 169
4 456
4 752
4 752
4 421
5 75 861
4 1237
4 150
4 56
4 463
4 713
5 1272 459
4 326
4 37
5 762 876
4 561
4 185
5 1323 1083
5 750 884
5 772 1162
4 990
5 1043 1009
5 1154 1079
4 913
5 16 134
4 465
4 1243
5 660 1401
5 1387 7
5 1369 172
4 406
4 672
4 347
4 259
4 859
4 517
4 483
5 27 191
4 919
4 788
4 592
4 898
4 394
4 627
5 31 787
4 286
4 688
5 778 1051
4 575
4 9
5 568 1194
4 1325
4 862
5 968 1226
4 81
4 1264
5 702 1185
5 860 563
5 241 1137
4 1044
4 556
5 221 794
4 99
4 510
5 677 524
5 365 587
4 997
4 353
4 749
4 984
5 982 1392
5 1116 1185
4 891
5 803 592
4 914
5 783 494
5 1025 29
5 1019 20
4 1398
4 1212
5 175 974
5 1393 410
5 1258 852
5 37 262
5 33 611
5 1161 1087
4 190
4 422
4 175
5 1303 1322
5 1376 494
5 367 631
5 315 567
5 149 988
5 625 5
5 1152 643
4 534
4 369
4 1197
5 1126 87
5 1163 500
4 546
5 1269 790
4 790
4 159
4 882
4 804
5 505 1226
5 282 1051
5 1190 1296
5 579 376
4 732
5 352 1117
5 860 309
4 1247
5 650 724
4 932
4 1329
4 179
4 124
4 672
5 381 158
5 542 616
5 531 683
5 687 261
5 53 538
5 70 322
4 749
4 1083
4 551
4 186
4 419
4 559
5 740 701
5 719 7
4 809
5 324 914
5 627 1192
4 111
5 511 747
5 366 155
4 631
5 1092 368
4 1225
4 1164
5 1317 1388
5 545 1079
5 760 435
4 119
5 702 150
5 808 1212
5 992 916
4 10
4 415
4 548
5 1242 687
5 1110 610
4 602
4 1087
4 1380
5 356 967
5 1034 378
4 1179
4 878
4 812
4 196
4 444
4 79
5 46 1308
5 1021 62
5 741 795
5 925 716
4 524
5 359 786
4 1082
4 285
5 1248 832
4 1236
4 912
4 937
4 312
5 1178 960
5 1027 960
5 911 641
5 185 1077
4 1175
4 899
4 333
4 814
5 928 804
5 167 620
5 1242 790
4 512
4 839
4 1183
4 707
4 421
5 88 733
4 849
4 11
5 333 111
5 821 1182
5 307 1207
4 906
5 492 735
4 519
4 587
5 849 494
5 18 550
4 476
5 332 1313
5 558 13
5 43 1158
5 1114 733
5 1352 15
5 862 644
4 982
4 1358
4 1294
4 637
5 241 1280
5 690 535
4 577
5 1021 44
5 1139 1134
4 1312
4 1089
4 269
4 756
5 147 1393
4 1138
4 1384
4 1268
4 1205
4 362
5 229 703
5 1127 847
5 453 612
4 1035
4 1107
4 915
4 1065
5 737 581
5 1208 149
4 1056
5 799 642
5 209 292
5 914 1355
4 478
5 642 1189
5 1294 1059
4 189
4 1392
4 1073
5 744 283
5 1137 536
4 842
4 248
5 1242 1213
4 395
5 272 727
4 833
4 1394
5 640 1162
5 391 512
4 1186
5 1340 45
5 1045 474
4 382
4 1044
4 302
5 1324 1372
4 1356
4 284
4 489
4 1371
4 579
5 37 1033
4 757
5 1137 1307
5 108 1058
4 914
4 233
4 229
4 1291
5 873 1147
4 907
5 84 598
4 166
5 1252 974
5 333 1363
5 1337 926
5 764 860
4 1286
5 144 103
4 477
4 1200
4 17
4 119
4 1383
4 1118
5 81 1251
4 904
4 244
4 1181
4 1109
4 471
4 810
4 95
5 923 706
5 827 1316
4 553
4 839
4 1378
4 1365
5 985 1034
5 285 28
5 274 874
5 19 1388
5 167 366
4 1284
4 1300
5 508 1376
4 106
5 506 1165
5 880 1055
4 899
5 530 808
4 188
4 673
4 16
4 708
5 555 843
4 952
5 1131 825
5 1011 800
5 1042 590
5 1084 805
4 512
4 686
4 1135
4 101
4 958
4 267
5 56 1043
4 1038
4 359
4 1355
5 499 208
5 207 1183
4 88
4 1050
5 1036 1067
4 273
5 1379 98
5 163 882
4 126
4 429
4 65
4 807
4 766
5 1304 309
4 784
5 887 593
4 604
5 920 144
5 694 1277
5 85 39
5 781 1123
4 174
5 564 740
5 858 930
4 1289
4 493
5 819 169
5 1393 1170
5 556 620
5 408 1275
4 954
4 462
4 1299
5 1299 219
4 1318
4 1160
4 914
4 891
4 735
4 1327
4 1217
5 217 170
5 724 989
4 346
4 1111
5 124 289
5 645 1288
5 630 408
5 554 413
5 148 1258
4 256
4 43
5 848 765
5 1226 1058
4 216
5 397 1312
4 878
5 609 310
4 464
4 818
5 886 266
4 1398
4 21
4 615
5 1151 736
4 359
4 1370
4 983
5 817 329
4 416
5 1341 697
5 278 631
5 753 1324
4 462
4 1317
5 1223 123
4 585
4 30
5 293 226
4 273
4 428
4 373
4 1269
4 399
4 840
5 1073 125
4 638
5 1199 1255
5 1026 477
5 1317 314
5 279 651
5 611 69
5 797 938
5 285 737
5 1398 1085
5 974 466
5 736 102
4 976
5 374 1289
4 69
5 1299 137
4 696
5 1002 343
5 132 1303
5 438 546
5 698 1032
4 173
5 1215 782
5 210 1028
4 1069
4 437
5 1049 1082
5 171 468
4 289
5 521 971
5 1129 82
4 751
5 142 928
4 829
5 120 1087
4 464
4 1066
5 1135 612
4 129
4 407
5 151 816
4 384
4 682
5 639 1082
5 612 1400
5 391 1093
4 341
5 24 325
5 1188 1292
4 427
4 63
5 704 836
4 1057
4 898
4 1203
5 397 819
5 1141 674
4 21
4 1257
4 238
5 604 12
5 277 1214
5 630 1363
5 694 704
4 1157
5 28 709
4 560
4 85
5 365 884
4 265
5 938 494
4 232
4 1194
5 1148 141
4 170
4 1038
5 448 361
4 943
5 1037 1105
4 405
4 1011
4 1047
4 1197
4 340
4 374
5 412 792
4 119
4 627
4 533
4 358
4 90
4 303
5 1009 261
4 888
4 254
5 667 435
5 194 1213
4 870
5 797 1380
4 292
4 674
5 25 284
5 1322 622
5 497 859
5 1282 283
5 72 1147
5 839 753
5 709 245
5 601 507
5 1008 318
5 755 351
5 291 423
5 1177 801
4 615
4 1104
4 469
4 346
4 912
4 126
4 989
5 948 2
5 943 1298
4 16
4 969
5 761 1299
4 202
4 516
4 201
4 201
4 394
5 536 326
5 526 846
4 620
5 114 915
5 185 242
4 531
4 910
5 1019 188
4 1118
5 1099 299
4 42
4 1128
4 455
4 163
5 1066 80
4 644
5 233 372
5 604 1398
5 691 415
4 1228
4 1358
5 548 163
4 864
5 912 1369
5 211 1197
4 384
5 1392 277
5 1095 865
5 373 1061
4 335
5 1281 1119
4 143
5 700 773
4 1247
4 702
5 726 166
4 443
5 1356 38
4 1184
4 1221
4 448
5 735 688
5 476 758
5 1371 384
5 1138 827
5 848 309
5 726 281
5 1157 728
4 1265
4 1230
5 1026 1395
5 620 222
5 854 441
5 1075 116
4 115
4 1225
4 698
5 1323 178
4 694
4 1294
5 791 828
4 1266
5 129 941
5 468 134
5 883 1247
5 788 860
4 863
4 882
4 395
4 45
5 185 513
5 1346 268
5 27 393
5 130 1338
5 464 907
5 1300 1188
5 312 191
5 262 1271
4 429
4 454
5 257 869
5 956 1086
4 461
5 552 673
5 1375 68
5 1130 271
4 1043
4 50
5 446 1318
5 177 350
5 669 73
4 98
4 541
4 1124
4 1213
4 537
5 660 1318
5 849 1385
5 315 1185
4 381
5 430 659
4 1218
5 998 1287
4 1293
4 1196
4 1251
5 81 538
5 26 315
4 612
4 943
5 1064 901
5 599 667
5 646 854
4 186
5 1113 98
4 1126
5 394 210
5 524 54
5 1180 533
5 808 925
4 1179
5 34 964
5 769 686
5 625 208
5 890 587
4 122
4 315
5 707 420
4 220
4 381
4 1334
5 726 43
5 225 1263
4 985
5 1110 407
5 105 685
4 669
4 239
4 1184
4 796
5 648 411
4 502
5 350 1214
5 1178 495
4 884
4 929
4 1309
4 1378
4 449
4 186
5 941 300
5 845 146
5 1211 984
5 1149 334
4 310
4 864
5 1131 38
4 35
5 127 333
4 1320
4 964
5 880 692
5 488 1327
5 1254 529
5 205 109
5 249 734
5 296 128
5 346 1119
5 779 1067
4 1186
4 1265
4 291
5 105 1209
5 1291 1132
4 844
4 1159
5 509 133
4 594
5 979 771
4 1151
4 879
4 581
5 353 1328
4 760
5 690 1017
4 228
5 1237 577
4 1280
4 1317
4 1080
5 1162 11
5 1293 853
4 1019
4 1275
4 334
5 454 862
5 19 261
4 1119
5 236 81
4 1211
5 1035 211
5 1084 522
5 985 1285
4 656
4 345
4 803
4 172
5 734 151
5 313 994
4 1198
4 131
4 1294
5 460 503
5 1089 280
4 446
5 122 544
4 1187
5 1014 1250
4 476
4 30
5 463 753
4 997
4 1150
4 140
5 507 691
5 465 684
5 1216 1245
5 43 993
5 1236 682
4 293
5 360 615
5 893 492
4 898
4 665
4 1317
4 73
4 28
5 850 772
5 337 837
5 481 778
5 542 345
4 204
5 650 1081
4 379
4 791
5 483 123
5 1143 337
5 357 1389
5 681 368
5 1240 1311
5 721 1293
5 1049 605
5 803 87
5 1023 79
5 1379 1027
4 456
4 1219
5 1035 29
4 761
5 725 486
4 503
4 969
4 692
4 62
4 1023
4 395
4 483
5 505 1360
5 866 462
4 738
5 81 987
5 985 353
4 490
4 574
5 675 533
4 1145
5 1279 1110
5 19 316
4 825
4 583
4 696
4 1024
5 903 844
5 75 633
4 307
4 719
4 188
5 940 885
5 54 1283
4 14
4 151
5 569 1223
5 845 812
5 585 563
5 1045 24
5 169 295
4 1103
4 755
5 619 757
5 780 120
5 984 292
4 16
5 993 1269
4 565
5 451 1272
5 373 1088
4 315
4 509
5 883 102
5 494 434
4 279
4 980
4 99
5 1151 847
5 987 1398
5 1349 66
5 682 880
4 1095
4 679
4 515
4 760
5 1290 686
4 65
5 940 1281
5 469 115
4 938
5 1093 955
5 990 1359
5 225 514
5 1003 1351
4 174
4 371
5 374 907
4 366
5 373 89
4 951
5 69 844
5 636 1095
4 627
4 299
4 1117
4 144
4 1257
4 340
4 95
4 1192
4 1369
5 180 818
5 638 553
4 1392
4 45
5 1168 216
5 968 590
5 248 498
5 647 1222
4 1284
4 289
5 886 31
4 674
4 455
4 1212
5 63 582
4 823
4 660
4 1294
5 454 641
4 506
4 576
5 168 1395
5 1099 926
5 1114 64
5 488 831
5 1300 799
5 1011 1394
4 1341
4 156
5 125 17
5 221 718
5 115 1377
4 917
5 778 146
5 447 239
5 1139 1267
4 284
5 547 709
5 674 1326
5 262 419
5 1347 1386
5 222 160
4 39
5 538 800
5 1167 928
4 1369
4 68
5 1092 1110
4 377
5 1281 298
5 1 81
4 819
5 701 13
5 174 1243
4 441
5 1162 241
5 510 1373
5 27 182
4 1205
5 363 1082
4 903
4 1155
4 632
4 1099
4 894
5 1215 1235
5 480 1064
4 695
4 1105
5 873 129
4 1310
4 924
4 245
4 333
5 945 1084
4 702
4 1273
4 58
5 471 982
5 1390 66
4 100
4 175
5 701 965
4 884
4 542
4 458
5 1374 218
4 466
5 927 411
4 1046
5 1006 79
5 1236 1381
4 152
5 1105 471
5 1137 1113
4 721
5 372 949
4 1142
5 83 1123
5 7 338
5 353 343
5 127 425
4 14
5 1366 61
5 453 456
5 992 446
5 1378 1151
4 516
5 1274 26
5 220 143
5 963 893
5 1171 1055
4 300
5 71 1146
4 227
4 472
4 1277
4 772
4 620
5 555 40
4 85
5 534 80
5 702 135
5 1349 398
5 674 1023
4 1290
4 434
4 833
5 1350 1212
4 941
5 1327 776
4 604
5 494 1038
4 971
4 211
4 211
5 366 393
5 1363 1214
5 550 364
4 901
4 14
4 424
5 1298 540
4 732
4 141
4 942
4 298
4 712
5 210 279
4 1391
4 62
5 901 423
4 455
5 167 1084
5 1032 176
4 684
4 878
5 313 608
5 67 1357
4 221
5 916 1360
5 678 444
5 231 159
5 1115 326
5 704 697
5 1257 330
4 889
4 673
4 1353
4 676
5 839 164
5 721 164
4 251
5 1282 128
5 787 493
5 135 1154
4 580
4 277
4 562
4 560
5 1158 632
4 1201
4 79
4 676
5 1168 847
5 807 1134
4 617
5 1243 1034
4 540
4 864
4 14
5 328 1111
4 437
5 1281 170
5 1105 450
4 1263
5 1022 660
5 607 357
4 50
5 512 1398
5 520 632
5 931 254
5 423 628
4 1165
4 1101
5 976 248
4 288
4 392
4 452
5 578 706
4 1056
5 436 871
4 257
5 439 172
5 522 133
4 1079
5 1187 483
4 431
5 883 157
4 167
5 645 1232
4 286
4 1120
4 334
5 302 932
4 216
4 1233
5 552 1401
4 277
4 60
5 116 737
4 1192
5 951 879
4 994
5 1017 1267
4 518
4 723
4 263
4 1049
5 1056 891
5 858 1078
4 405
4 1120
5 1131 1371
5 1047 1329
4 1218
5 1072 537
5 921 628
4 856
5 1376 1204
5 92 345
4 1143
5 847 1177
5 713 472
5 1341 261
5 244 1322
4 690
5 902 460
4 234
5 566 207
4 168
5 189 762
5 737 1034
5 1179 1124
4 1122
5 51 509
4 371
5 470 578
4 604
5 608 743
4 1055
5 753 1293
4 974
5 210 1206
5 359 410
4 236
5 358 343
4 1315
4 647
5 663 1299
4 377
5 387 1164
4 445
4 970
5 106 1209
5 519 1333
4 430
4 14
5 95 598
4 984
5 551 328
4 481
4 1021
5 1303 390
4 1234
4 1293
4 1263
5 1189 1293
5 380 30
4 348
5 515 1288
4 85
4 434
5 1356 1362
4 578
5 1225 308
5 1376 807
5 667 743
4 352
5 648 1296
4 1252
4 522
4 878
4 362
4 169
5 164 665
4 314
4 1220
5 288 521
4 427
5 434 652
4 993
5 1041 257
5 478 815
5 375 206
4 953
4 72
4 1149
4 527
5 244 1010
5 34 1151
5 1142 1269
4 667
4 277
4 1015
4 1333
4 943
4 443
4 597
4 504
4 600
4 842
5 1249 1346
5 505 412
4 550
4 570
4 1237
5 284 430
4 12
4 1171
4 463
4 516
5 1371 239
5 408 434
5 361 478
5 696 1357
5 874 1280
4 1240
4 624
4 99
5 1167 1155
4 1001
5 1087 68
5 915 767
4 194
4 937
5 187 299
4 22
5 583 22
5 650 670
5 1088 1084
4 794
5 637 950
5 1221 1209
5 481 616
5 1090 1337
4 799
5 733 1247
4 698
4 714
4 948
4 928
5 1040 1081
5 1052 770
4 669
5 657 924
5 289 257
4 370
4 1268
5 262 1232
4 218
5 866 675
4 717
5 668 241
5 89 969
5 268 731
5 1101 952
5 1340 492
5 74 1090
4 1059
4 968
4 288
5 841 1244
5 464 241
5 66 140
5 1017 389
4 839
4 298
5 1340 439
5 576 890
5 517 773
5 129 927
5 1236 1154
5 769 1391
4 495
4 1019
4 613
4 197
4 1133
5 1055 766
4 700
5 1268 117
5 863 740
5 779 916
4 1131
4 1357
5 333 113
4 1246
5 436 406
5 107 1000
5 1293 239
4 851
5 1061 65
5 876 230
4 682
4 1058
4 1255
5 37 38
5 521 37
5 849 148
4 287
5 295 123
4 1021
4 199
5 160 333
4 1132
4 965
4 128
5 445 27
4 846
4 307
5 241 658
5 846 1391
5 652 1188
5 751 1269
4 1195
5 1382 102
5 204 130
4 66
5 466 1206
5 247 96
4 1104
5 648 621
5 244 642
5 1006 424
4 628
4 44
5 1325 145
4 717
5 440 1400
4 1144
4 321
4 744
5 219 413
4 535
5 511 1179
4 369
5 987 873
5 1239 283
5 466 1000
5 214 657
4 598
4 1110
4 827
5 747 185
4 1002
5 120 754
5 1367 722
4 1376
5 929 114
4 1124
5 173 959
4 776
4 1276
4 780
4 172
5 503 381
5 768 216
4 1067
4 1010
4 792
4 472
4 629
5 506 87
4 1046
4 28
4 154
5 1072 950
5 389 187
4 857
5 55 738
4 536
5 304 1287
4 821
4 4
4 835
5 349 1149
5 55 1159
5 43 213
4 363
5 248 414
4 1233
4 1016
4 863
4 128
5 509 681
4 87
5 729 238
4 940
5 1150 291
4 343
5 1251 852
5 326 975
4 293
5 1272 499
5 606 1379
5 1069 1323
5 675 1224
5 845 318
4 217
5 63 489
4 655
5 1160 1285
5 613 1390
5 625 330
5 157 469
5 1295 531
4 1204
5 1119 819
4 384
5 1364 287
4 1326
5 194 292
5 1302 247
5 402 117
5 777 801
5 186 528
4 771
5 419 1098
5 1399 669
4 641
5 434 139
4 325
5 1120 38
5 929 737
4 88
5 875 152
5 191 1085
5 378 674
4 1292
4 1334
4 689
4 968
4 200
5 850 412
4 89
4 250
4 623
5 937 803
4 754
4 145
5 344 56
4 295
4 725
4 427
5 513 605
4 50
5 198 1326
5 780 1365
5 593 535
5 970 584
5 326 1090
5 483 1169
4 1160
5 521 50
4 1076
5 1213 1145
4 870
5 252 13
5 11 1273
5 1042 163
5 1003 770
5 281 632
5 1257 284
5 1315 684
5 1249 184
5 181 640
4 1065
5 448 864
5 986 419
5 995 1172
5 1247 202
5 181 741
4 855
4 440
5 457 1126
4 518
5 730 363
4 500
5 689 451
4 1101
4 1298
5 388 211
4 749
5 168 703
5 878 861
5 593 11
4 714
4 295
4 1085
5 1365 1227
5 174 152
5 868 976
4 592
5 650 10
5 1006 821
4 400
4 1046
4 757
5 919 332
5 1065 513
4 288
5 1383 861
5 78 12
4 707
4 1036
4 150
4 1396
4 817
4 991
4 152
5 842 1293
5 1358 303
5 23 90
5 693 240
4 597
5 1045 697
4 158
4 565
5 456 75
5 740 835
5 1061 1344
5 100 46
5 409 223
4 596
4 859
5 574 205
4 1352
5 1113 1037
5 205 958
4 1087
5 1169 902
5 747 229
5 1122 1234
5 736 1084
4 583
4 611
5 1171 1194
4 793
4 186
5 1129 797
4 1051
4 217
5 875 1010
5 196 36
5 1275 647
4 786
4 922
5 1176 54
5 87 1247
5 37 573
5 533 105
4 1197
4 465
4 40
5 831 367
5 449 242
4 788
5 85 78
5 1167 117
4 158
4 720
4 943
5 399 1117
4 1300
5 61 1127
4 47
5 373 567
4 37
5 1152 583
5 74 1017
4 1200
5 1127 926
4 808
5 1096 127
5 1338 315
5 1374 611
4 378
4 278
4 1177
5 324 737
4 1013
5 247 1237
4 301
4 222
5 1115 562
5 463 84
5 362 846
4 1033
5 455 387
5 235 101
5 90 743
5 223 1333
4 185
4 1300
4 770
5 1308 184
4 230
4 963
4 1223
5 1045 802
5 371 89
5 147 1183
5 345 566
5 387 366
4 1225
4 1251
4 431
5 1248 801
4 399
5 81 333
5 960 911
4 124
5 206 664
4 279
5 873 630
5 1269 376
4 461
4 652
5 1184 1388
5 155 623
4 225
5 662 377
4 644
5 1326 842
4 114
5 85 535
5 53 98
5 572 1034
4 924
5 605 801
5 224 1021
4 643
4 840
4 326
5 571 1142
5 1277 1227
4 230
4 1116
5 996 65
4 392
4 513
4 704
5 711 26
4 632
4 559
5 43 286
4 1340
5 1367 123
5 1012 979
5 1310 236
5 1205 15
5 209 553
5 475 1133
5 427 1272
5 924 1379
4 1198
4 1341
4 684
4 887
4 1197
5 1057 290
5 423 850
5 1156 633
4 692
5 1349 1137
4 632
4 343
4 803
5 1 897
4 784
5 72 105
5 199 824
5 961 693
4 1332
5 417 1362
5 60 1188
4 1223
4 452
4 254
4 607
5 577 426
5 547 637
5 27 918
5 196 1338
5 1171 495
5 1382 856
5 460 700
4 502
4 1231
5 405 1252
5 1017 1233
5 807 572
5 335 1191
5 1215 953
5 134 398
5 1346 690
5 1024 248
5 1395 274
4 449
5 868 794
5 889 1132
4 72
5 180 872
5 65 1354
5 554 1093
4 637
4 284
4 476
4 1217
4 437
5 214 330
5 29 995
4 92
5 1057 78
5 1229 714
4 12
4 530
5 366 617
4 1257
4 1321
4 1219
4 779
5 1035 1271
5 554 1279
4 486
4 427
5 995 462
4 431
5 1252 863
5 13 533
5 352 280
4 935
5 284 1292
4 904
4 234
4 145
5 1072 829
5 1373 411
4 1092
4 4
5 1171 908
5 624 1169
4 613
5 1124 395
4 428
4 470
5 519 507
4 1016
5 26 241
4 160
4 1078
4 1103
4 1198
4 1301
4 909
4 71
4 1369
4 958
5 568 757
5 890 474
4 626
5 880 187
5 718 169
4 388
4 663
4 692
4 560
5 72 325
5 1274 857
5 818 1386
5 468 460
5 452 40
5 844 842
4 1355
4 65
5 1267 1133
5 1328 332
5 1155 408
5 703 770
5 122 394
5 127 930
4 925
5 1182 780
5 427 615
5 1195 1128
5 600 693
4 888
4 346
5 693 220
4 658
4 1239
5 1172 247
4 1041
5 1336 259
5 848 451
4 857
4 356
4 694
4 144
4 850
4 1331
5 685 1190
5 884 1159
5 1337 1101
5 714 317
4 1214
5 716 29
4 154
4 1186
4 1289
5 1010 1141
4 324
4 1319
5 752 368
4 931
4 997
4 587
4 1016
5 690 94
4 1384
5 622 192
5 1306 557
4 1053
5 881 891
5 621 1271
4 275
5 419 163
5 568 512
5 937 812
5 902 344
5 839 984
4 548
4 524
5 1273 1313
4 443
5 414 1242
5 743 1011
5 925 183
5 745 600
5 1193 1252
4 626
4 417
4 373
5 712 121
4 367
4 450
4 117
4 1146
5 879 588
4 750
4 376
4 914
4 1167
4 1117
5 1307 783
5 1377 9
5 1044 452
4 369
5 566 581
4 783
4 1371
4 487
5 955 465
4 837
4 217
5 15 1375
5 301 695
4 816
4 676
5 465 1167
5 863 302
4 1100
5 1332 588
4 1213
5 174 628
4 88
4 1358
5 1276 1012
4 473
4 1395
4 1376
5 874 1164
4 389
5 1135 876
4 537
5 1058 1136
5 718 655
5 890 1042
5 1302 1194
4 1385
5 168 185
4 856
4 1215
5 816 910
4 963
5 694 875
5 604 226
4 193
4 533
4 183
5 98 1093
4 1158
5 28 820
4 448
5 212 1204
5 475 148
5 1052 861
5 735 481
4 426
4 8
5 1201 736
5 682 53
5 960 1059
5 1295 455
5 599 313
4 74
5 1330 127
5 323 1141
5 132 1300
5 149 128
4 130
5 951 531
4 703
5 1165 634
5 1012 1373
5 1160 1332
5 493 4
5 59 274
5 828 611
4 997
4 1163
5 686 345
4 215
4 592
5 73 652
4 328
5 247 738
4 1008
5 1003 713
4 970
5 1137 732
4 1021
4 398
4 784
5 198 1022
4 1058
4 469
5 476 779
5 398 652
5 519 985
4 1041
5 1265 1332
5 395 1115
5 339 545
5 1194 1242
5 457 339
4 562
4 268
5 95 852
5 234 1104
4 1050
4 823
5 1091 138
5 380 384
4 374
4 835
5 1275 986
4 1203
5 896 1388
4 275
4 658
4 414
4 1086
5 801 1048
5 1220 920
4 1359
5 1395 652
4 689
4 1044
5 1333 1102
5 265 906
5 52 724
4 748
5 737 224
4 975
5 907 542
5 1392 1148
4 445
4 56
4 212
4 550
5 561 119
4 829
5 555 1246
5 1360 1291
5 286 591
5 1051 1232
5 615 571
4 816
4 1379
5 560 1164
5 865 255
5 477 780
5 1138 142
4 1265
5 850 316
5 1252 363
5 934 148
4 625
5 241 1319
5 1068 533
5 321 555
4 1183
5 681 1001
4 1127
5 836 1075
5 74 282
5 454 548
4 1036
5 1131 1034
5 1262 761
4 347
5 260 15
5 737 571
4 598
5 1162 157
5 1159 611
5 967 246
4 843
5 917 985
5 245 1222
5 708 172
5 317 484
5 886 1125
5 910 719
5 444 235
5 15 298
5 283 450
5 1144 116
5 1065 1153
4 1374
5 988 811
5 773 660
4 516
4 525
4 423
4 219
4 511
5 1217 1321
4 673
5 307 357
5 1163 1025
5 1308 449
4 1396
5 1172 1349
5 1175 243
5 1373 778
4 1135
5 154 356
4 504
5 569 150
4 1076
4 425
4 310
4 32
5 436 665
5 1250 1070
5 1177 1034
4 226
5 1327 608
4 1259
5 21 534
4 311
4 1394
5 332 702
5 116 1367
4 572
5 53 1211
4 499
5 713 970
5 1287 990
4 459
4 135
4 564
5 708 133
5 677 1041
5 414 629
5 298 893
5 1178 429
4 99
4 1228
4 102
4 382
5 809 222
5 163 272
4 952
4 415
5 366 517
4 1366
4 6
4 211
5 1099 8
5 1349 978
4 779
4 959
4 1310
5 323 573
4 67
4 1036
5 923 557
4 319
4 1146
5 555 1246
5 556 776
4 1275
5 1231 988
4 539
5 777 388
5 816 962
5 1235 466
4 1026
5 1357 1359
4 414
4 1255
4 1274
5 565 1378
5 375 1154
5 163 494
4 182
4 333
4 72
4 598
4 1016
4 267
4 844
5 1022 1329
4 286
4 382
5 173 1338
4 953
5 611 481
5 931 479
5 621 680
4 1164
4 1090
4 679
5 772 210
5 1028 313
4 639
5 422 188
5 95 874
4 645
5 1324 273
5 89 1250
4 32
5 1000 1045
4 525
5 149 1118
5 225 1193
4 1098
5 1288 520
4 1334
4 208
4 156
5 906 1377
4 484
5 175 696
5 132 691
4 937
5 1308 43
5 523 1115
4 180
5 238 740
4 412
4 1094
5 656 847
4 776
4 39
4 565
5 655 803
5 1366 570
4 414
5 584 1070
4 1200
5 1312 376
5 1124 1125
5 1163 380
4 1193
4 995
5 1227 402
5 395 758
4 1093
5 683 125
4 1140
4 196
5 1140 845
4 293
4 1049
4 227
4 1188
4 647
5 771 1123
5 24 1014
5 1215 1058
4 482
4 562
4 637
4 768
4 1279
5 186 363
4 474
5 149 1010
4 1313
4 707
5 1324 544
5 335 1099
4 527
4 936
5 862 1089
5 559 103
4 57
5 1005 965
4 1188
4 631
4 931
5 32 425
5 1271 1124
4 272
4 874
5 352 749
5 1226 477
5 507 84
4 397
4 470
5 1297 1255
5 461 728
5 121 750
4 1206
5 945 1340
5 900 570
4 1375
5 329 463
5 343 715
5 797 640
4 1383
5 660 74
5 260 639
5 678 432
4 248
5 609 886
4 1380
4 101
5 839 174
4 228
4 865
5 512 374
4 243
4 640
4 1237
4 1148
5 645 172
5 659 1189
4 168
5 569 158
4 203
5 565 1340
5 1304 584
4 114
4 318
5 282 1362
5 1095 301
4 931
5 1396 223
5 1212 357
5 739 713
4 115
5 778 1237
4 575
4 557
4 978
4 297
4 193
5 267 71
4 617
4 452
5 809 546
5 1273 140
5 272 989
5 448 1125
5 1118 589
5 1232 313
4 607
4 922
4 133
4 1388
4 655
5 658 1264
5 981 1248
4 311
4 1057
4 707
5 1188 934
5 1187 430
4 530
5 66 1100
5 994 348
4 541
5 742 13
4 529
5 401 972
4 1277
4 840
4 205
5 578 464
4 1089
4 967
5 1398 80
5 602 392
4 1187
5 1184 1117
5 833 109
5 780 1169
5 750 383
5 97 274
5 380 1168
5 1094 1222
4 31
4 636
4 248
5 1065 188
5 1036 296
4 717
4 1228
5 1231 1397
4 374
4 6
4 767
4 1229
4 355
5 866 1094
4 1275
5 1317 1099
5 1292 539
5 15 591
4 24
4 276
4 1026
4 1020
5 672 922
4 965
5 349 1267
4 32
5 840 536
5 1044 912
4 717
4 1085
4 832
4 764
5 1308 1222
5 1325 1214
5 434 413
5 422 1133
4 1089
5 180 1165
4 633
5 871 33
4 1388
5 607 1113
5 855 1112
4 110
4 768
5 507 171
4 1326
4 1222
5 1138 1359
5 1253 1377
5 24 639
5 86 879
5 988 560
5 468 517
4 1056
5 1007 293
5 1033 297
4 1171
4 2
4 1282
4 225
5 541 1352
4 40
5 791 1061
5 730 209
5 755 521
4 84
4 259
5 539 212
4 377
5 684 500
5 9 145
4 551
5 523 357
4 423
4 158
5 887 73
4 520
5 1259 581
4 43
5 1022 1334
5 1181 720
4 432
4 3
5 960 1262
5 590 712
4 331
5 665 1381
4 1301
4 777
5 638 516
4 1295
5 178 643
5 881 793
4 1282
4 1032
5 746 1117
5 1011 613
5 621 986
5 221 1066
5 1106 659
5 1386 644
5 864 1213
4 1325
4 31
5 1029 316
5 1358 1294
5 1059 494
5 1131 320
5 1386 221
4 1100
5 1232 37
4 1335
5 820 27
4 1258
5 342 445
5 508 941
5 543 1072
4 653
4 830
4 1072
4 839
4 1191
5 1033 874
4 809
5 1129 62
4 697
5 366 140
5 478 967
5 354 76
5 1313 653
4 454
5 472 447
4 37
4 1346
4 337
4 946
5 229 1035
5 83 616
5 740 976
4 1190
5 295 391
5 1095 1336
4 1110
5 1003 325
4 738
4 12
4 407
5 1311 197
4 981
4 457
5 1304 997
4 224
4 117
4 1003
4 79
5 433 970
5 1198 833
4 793
4 1307
5 736 1192
4 828
5 209 989
5 96 34
4 634
4 107
4 1273
4 1346
5 823 156
4 724
4 1027
4 1345
5 292 123
5 1317 358
4 938
4 1323
4 1084
5 987 204
5 575 185
4 1175
4 282
5 347 247
4 159
4 543
5 1160 274
4 173
4 41
4 460
5 466 2
5 1096 1145
4 250
4 679
5 85 439
4 610
5 407 1395
5 1092 849
5 769 74
4 779
4 1240
4 430
4 783
5 426 740
5 740 281
5 414 815
4 806
5 1213 1238
4 728
4 1247
5 48 71
5 972 937
5 91 33
4 518
4 109
4 1209
5 141 274
4 354
5 1005 688
5 1320 422
4 233
5 693 957
4 1107
5 1341 76
4 704
4 600
4 614
4 991
5 1370 622
5 210 1060
4 130
5 1274 898
5 1025 351
5 686 227
5 803 990
4 707
5 647 590
4 232
4 805
4 137
4 366
4 130
5 1250 1046
4 1201
4 784
5 1197 1205
4 517
5 262 56
5 127 251
5 16 113
4 1219
4 92
5 570 1017
4 1199
4 1386
5 1259 65
4 809
4 864
5 767 897
5 511 427
5 814 1330
5 322 479
5 51 1207
5 1175 1205
4 819
5 1178 823
4 811
4 321
5 624 951
4 1042
5 825 398
4 151
5 1015 142
4 242
5 807 324
5 444 53
4 588
5 905 257
5 649 1006
5 586 1156
4 229
4 281
5 595 18
5 831 579
5 504 96
5 502 932
4 659
5 1331 415
4 1010
5 1091 599
4 910
5 289 1157
5 1356 877
5 642 380
4 90
4 1212
5 83 779
5 774 1267
4 1193
4 904
5 738 104
4 1330
5 1385 198
5 450 671
4 1391
4 848
4 709
5 202 651
4 894
4 979
5 164 105
4 1225
5 273 1103
4 825
5 642 545
4 411
5 924 981
5 760 1296
5 954 980
4 378
4 79
5 787 826
4 333
4 1262
4 1246
5 661 703
5 1219 294
4 797
4 550
5 692 734
4 396
5 1121 390
5 665 1268
5 1109 1362
5 153 1339
5 954 506
4 1389
4 1006
4 785
5 1136 1137
5 48 915
4 637
5 656 1222
4 405
5 938 44
5 1065 208
5 974 656
5 651 1148
5 951 643
5 483 509
4 957
4 843
4 36
4 1269
5 322 1151
5 1211 570
5 1203 501
4 965
4 572
4 732
5 478 636
4 1048
5 573 603
5 1253 363
4 1135
5 113 1303
5 899 474
4 680
4 917
5 102 185
4 635
4 510
5 1187 286
4 82
4 281
4 643
4 66
4 1375
4 496
5 618 603
5 4 19
5 678 39
4 360
5 792 1327
5 894 605
5 1339 417
4 692
4 592
4 381
5 588 325
5 1325 405
4 907
5 367 28
5 638 964
5 481 448
4 956
4 321
4 443
4 894
4 1242
5 1247 997
4 259
4 43
4 1318
4 448
4 1209
5 115 1057
5 602 626
5 1057 101
4 1245
5 760 982
4 206
4 265
5 1029 1217
4 300
4 662
5 427 513
5 526 1186
4 1390
5 847 703
5 518 288
4 1106
4 1179
4 959
5 1349 7
5 960 151
5 585 746
5 1379 488
5 838 955
5 948 424
4 1282
5 690 240
5 980 513
4 179
5 1375 395
4 59
5 831 1044
5 37 471
5 459 1330
4 890
4 1328
4 610
4 1076
4 1015
4 685
5 830 1282
5 1180 401
4 1207
5 1290 1211
5 32 1071
4 647
5 1082 1366
5 514 158
4 464
4 875
4 1203
5 1161 787
4 554
5 153 1373
4 672
4 992
5 123 1050
5 876 138
4 627
5 1081 791
4 271
4 1329
4 1267
4 945
5 549 674
4 547
4 241
4 7
4 1090
4 1328
5 709 260
4 1152
5 168 776
4 44
4 121
5 1276 1132
5 901 869
5 95 1381
4 581
5 200 536
4 1126
5 1240 1042
5 24 256
5 543 916
4 1395
4 1021
4 743
4 808
5 756 740
4 995
5 103 167
4 49
4 947
4 1200
5 732 539
5 676 102
4 1289
5 728 354
4 1256
5 561 576
5 58 796
4 1230
4 1296
5 712 28
4 1217
5 558 68
5 210 563
5 824 85
4 464
5 900 1359
4 207
4 989
4 563
4 366
5 965 898
5 1229 473
4 533
4 379
5 336 723
4 928
4 773
4 636
5 979 1247
4 1137
5 677 1117
5 460 1374
4 629
5 1024 638
4 1022
5 623 283
5 1115 408
5 727 927
5 297 1188
4 498
5 1126 1369
4 1353
5 48 1051
5 29 286
4 982
4 1372
5 1324 1312
4 408
5 1194 87
5 1175 1099
4 1223
5 94 555
4 1101
5 1286 91
5 1196 832
4 810
5 896 86
4 1252
4 51
5 449 145
5 14 117
5 1278 331
4 1
5 487 462
4 162
4 524
5 1079 690
4 147
5 1367 387
5 547 1032
4 123
4 928
4 485
5 270 1173
5 1366 594
5 941 31
4 141
5 153 218
5 106 1274
5 964 82
5 935 1007
4 1036
4 1125
5 784 100
4 98
5 253 251
5 355 959
4 1146
4 714
4 218
4 1372
4 192
5 915 597
4 741
5 1089 1382
5 1008 813
4 906
4 118
4 854
5 414 329
4 979
4 857
5 181 1279
5 430 817
5 1299 733
5 238 994
5 6 1364
4 552
4 592
5 1396 925
4 491
5 705 1035
4 934
4 1081
4 964
4 1085
5 1280 213
4 759
5 875 393
4 1016
5 1095 1173
4 587
4 494
4 978
5 58 745
4 624
5 168 470
5 513 1311
5 214 1160
4 957
5 1252 398
4 1352
4 145
4 501
5 623 542
5 13 116
5 390 177
5 1350 218
5 455 426
4 604
4 404
5 279 1168
4 416
5 837 959
5 1139 1057
5 209 421
5 76 551
5 589 798
4 89
5 43 1380
5 1263 278
5 1058 975
4 806
5 1158 189
5 1385 727
4 436
5 364 1219
5 640 43
5 423 658
4 422
4 1064
5 1376 1049
5 742 351
4 285
5 597 1395
5 639 1066
5 489 463
5 1297 848
4 551
4 281
5 529 97
5 633 887
5 127 900
5 209 291
4 417
4 794
4 948
5 1196 1013
4 1275
5 1208 931
4 813
4 1331
4 503
4 1154
5 1284 832
4 19
4 602
5 1282 615
5 473 343
5 1325 658
4 1342
4 105
4 1115
4 716
5 1372 142
5 52 720
5 1002 681
4 905
5 314 76
4 22
5 179 860
5 881 1234
5 1287 293
5 52 1177
4 831
4 458
5 1342 987
4 397
4 487
4 396
4 960
4 672
5 985 663
4 800
4 1022
5 1085 475
5 718 1242
5 742 562
4 1200
5 413 485
4 695
5 910 68
4 796
4 1157
5 1117 482
4 680
5 698 393
4 963
5 981 172
5 1231 245
5 1151 1132
5 357 483
4 1287
4 138
4 1248
4 1130
4 1081
4 345
4 260
4 454
4 806
5 1012 22
5 928 1125
4 608
4 986
5 1205 475
4 1279
4 102
5 962 269
4 280
5 8 963
5 641 1340
5 1230 527
4 428
5 642 741
4 293
4 1031
4 1104
4 327
4 652
4 298
4 1176
4 553
4 1129
5 1096 1273
5 196 422
4 30
4 910
5 6 620
4 1256
4 602
4 1358
5 825 299
5 1302 658
5 1054 687
4 422
5 932 534
4 158
5 1369 574
4 1122
5 1237 52
4 960
4 338
5 536 368
4 467
5 449 96
4 721
5 146 1038
5 401 440
4 1312
4 419
4 965
4 514
5 1197 790
5 235 405
4 978
4 436
4 195
4 602
5 13 176
4 802
4 902
4 300
4 1010
5 832 117
5 121 905
5 1079 119
4 1019
5 577 1360
5 410 864
5 393 1261
5 1085 571
4 687
5 560 59
4 1088
5 100 22
4 1302
4 265
5 67 577
4 791
4 1070
4 196
4 1258
5 245 1183
5 220 1282
5 1314 1336
5 224 1282
4 1163
5 728 627
4 727
5 1022 1333
5 1251 898
4 224
5 473 933
5 543 262
4 1207
4 575
5 736 924
4 1275
5 473 418
5 1205 376
5 37 555
5 478 407
5 681 1070
5 1040 392
4 985
4 113
4 923
4 626
5 1280 957
4 625
4 984
5 954 584
4 730
4 74
5 187 1043
5 1304 403
4 1266
4 425
5 111 670
4 54
5 473 657
4 1026
4 51
5 68 965
5 1394 24
4 756
5 958 584
4 344
5 1058 1006
4 892
4 724
4 775
4 1193
5 1191 840
5 1292 894
5 5 1125
5 1190 593
4 631
4 617
5 1274 676
5 1170 259
5 164 1313
5 1203 422
4 572
5 138 739
5 185 1356
5 122 99
5 796 825
5 569 595
4 1201
5 1245 1150
5 1285 83
5 393 5
4 125
5 260 1073
4 371
4 565
5 192 68
5 301 664
5 177 1083
4 1157
4 691
5 685 450
4 751
4 868
4 426
5 793 147
5 920 686
4 1347
5 1381 1276
4 326
5 346 87
4 371
5 783 1159
5 309 326
4 1050
5 751 160
4 1053
4 323
4 527
4 144
4 23
5 100 371
5 1328 175
5 618 298
5 1206 1335
5 785 1108
4 1251
4 116
4 612
4 1344
5 750 361
4 1166
5 575 97
5 809 1289
4 391
5 251 1213
4 720
4 177
5 197 717
5 471 1115
4 1391
4 998
5 879 192
5 590 89
5 1013 1225
5 16 996
5 1253 1398
5 857 688
5 1394 888
5 972 219
5 782 1374
5 423 539
5 1198 1399
5 385 484
5 112 796
5 1333 1260
5 1125 382
5 560 842
5 1125 732
5 206 1151
5 1077 1218
5 542 555
5 124 172
5 1033 165
5 287 344
5 407 38
5 425 1039
5 347 13
5 724 627
5 1091 91
5 678 321
5 1 1015
5 1267 43
5 307 226
5 179 743
5 198 729
5 165 952
5 750 1218
5 304 1203
5 551 1082
5 1094 1167
5 288 1069
5 541 753
5 639 542
5 334 839
5 950 703
5 1060 610
5 1132 384
5 616 551
5 727 795
5 986 656
5 194 142
5 1362 1186
5 864 1341
5 527 28
5 984 1024
5 1211 736
5 771 995
5 631 1037
5 616 497
5 437 902
5 1114 612
5 136 1174
5 659 1309
5 1211 612
5 203 321
5 1375 538
5 518 1037
5 388 128
5 761 790
5 1094 144
5 844 37
5 1294 605
5 59 165
5 609 1079
5 452 89
5 585 1360
5 748 536
5 1014 515
5 481 163
5 1242 1300
5 921 1284
5 236 1186
5 1026 948
5 1253 1224
5 150 1214
5 48 604
5 14 320
5 46 1178
5 154 530
5 523 495
5 45 211
5 721 734
5 753 248
5 1069 1310
5 988 1258
5 1073 146
5 1347 20
5 156 549
5 383 909
5 885 645
5 831 444
5 279 448
5 382 51
5 68 385
5 964 822
5 542 1347
5 929 817
5 151 1151
5 293 1344
5 1087 1013
5 1184 1385
5 1368 864
5 690 926
5 657 826
5 197 52
5 24 504
5 385 382
5 213 578
5 520 462
5 392 1029
5 865 480
5 1186 597
