511	0
511	1
511	2
511	3
511	5
511	10
511	16
511	24
511	32
511	36
511	53
511	57
511	64
511	68
511	80
511	82
511	96
511	110
511	130
511	149
511	154
511	165
511	200
511	247
511	256
511	270
511	276
511	292
511	325
511	348
511	352
511	364
511	391
511	392
511	400
511	450
511	505
512	4
512	8
512	16
512	17
512	22
512	28
512	32
512	49
512	53
512	64
512	66
512	75
512	77
512	101
512	128
512	144
512	193
512	209
512	229
512	256
512	257
512	264
512	273
512	277
512	312
512	340
512	378
512	387
512	411
512	424
513	0
513	2
513	3
513	12
513	20
513	21
513	26
513	32
513	48
513	49
513	64
513	73
513	92
513	128
513	130
513	131
513	135
513	136
513	142
513	144
513	192
513	230
513	240
513	256
513	257
513	279
513	307
513	314
513	377
513	385
513	386
513	391
513	408
513	425
513	433
514	3
514	20
514	37
514	44
514	48
514	56
514	64
514	74
514	79
514	91
514	97
514	129
514	137
514	260
514	264
514	296
514	313
514	328
514	432
515	6
515	7
515	12
515	28
515	69
515	78
515	121
515	131
515	137
515	161
515	169
515	220
515	238
515	275
515	278
515	338
515	364
515	368
515	375
515	384
515	387
516	0
516	1
516	2
516	9
516	25
516	44
516	66
516	75
516	77
516	83
516	128
516	129
516	135
516	168
516	231
516	256
516	281
516	288
516	290
516	312
516	320
516	360
516	384
516	410
517	0
517	12
517	22
517	32
517	64
517	80
517	84
517	88
517	112
517	128
517	134
517	136
517	206
517	257
517	276
518	74
518	96
518	98
518	112
518	140
518	181
518	194
518	226
518	256
518	301
518	328
518	346
518	392
518	401
518	496
519	3
519	4
519	5
519	9
519	27
519	30
519	35
519	45
519	56
519	91
519	96
519	97
519	98
519	107
519	133
519	140
519	144
519	145
519	149
519	153
519	156
519	160
519	184
519	228
519	256
519	257
519	260
519	264
519	272
519	302
519	305
519	330
520	32
520	41
520	74
520	126
520	160
520	164
520	195
520	226
520	248
520	293
520	295
520	321
520	332
520	352
520	384
521	1
521	4
521	7
521	10
521	65
521	98
521	130
521	145
521	193
521	258
521	292
521	417
521	453
522	0
522	1
522	3
522	30
522	65
522	96
522	192
522	411
523	30
523	119
523	132
523	160
523	200
523	256
523	264
523	266
523	420
523	446
524	0
524	1
524	2
524	16
524	19
524	33
524	42
524	53
524	129
524	132
524	273
524	290
525	4
525	32
525	194
525	266
525	328
526	34
526	65
526	138
526	147
526	399
527	0
527	13
527	16
527	21
527	26
527	34
527	48
527	66
527	108
527	121
527	128
527	144
527	186
527	192
527	256
527	281
527	401
527	446
528	8
528	22
528	29
528	33
528	40
528	78
528	96
528	129
528	131
528	146
528	181
528	226
528	234
528	260
528	261
528	322
528	420
528	426
528	448
529	16
529	28
529	39
529	59
529	65
529	100
529	151
529	155
529	161
529	216
529	224
529	304
529	309
529	323
529	385
529	428
529	460
530	0
530	2
530	38
530	173
530	225
530	262
530	292
530	328
530	384
531	45
531	116
531	134
531	161
531	192
531	210
531	264
531	288
531	328
531	484
532	3
532	11
532	64
532	66
532	153
532	169
532	173
532	263
532	270
532	274
532	286
533	0
533	7
533	32
533	34
533	40
533	66
533	352
534	16
534	17
534	69
534	83
534	177
534	296
535	1
535	2
535	6
535	14
535	24
535	33
535	36
535	83
535	88
535	108
535	196
535	202
535	224
535	260
535	440
536	5
536	20
536	32
536	52
536	65
536	72
536	80
536	128
536	129
536	211
536	233
536	328
536	365
537	0
537	32
537	34
537	77
537	133
537	320
538	4
538	64
538	114
538	138
538	224
538	325
539	5
539	20
539	21
539	32
539	34
539	65
539	222
539	290
539	358
540	49
540	71
540	128
540	145
540	217
540	257
540	265
540	305
540	416
540	468
541	149
541	260
541	347
541	384
541	389
541	420
542	100
543	0
543	4
543	20
543	35
543	84
543	99
543	108
543	124
543	132
543	160
543	174
543	180
543	193
543	201
543	202
543	224
543	262
543	264
543	285
543	288
543	292
543	400
543	405
544	4
544	38
544	45
544	46
544	64
544	73
544	96
544	105
544	128
544	146
544	258
544	272
544	292
544	336
544	344
544	401
544	418
544	453
544	462
544	476
545	29
545	32
545	43
545	44
545	52
545	111
545	131
545	160
545	169
545	228
545	262
545	274
545	394
546	19
546	25
546	34
546	50
546	136
546	201
546	214
546	316
547	34
547	38
547	51
547	66
547	151
547	160
547	208
547	240
547	268
547	320
547	384
548	1
548	12
548	18
548	35
548	61
548	65
548	88
548	131
548	137
548	260
548	288
548	323
549	1
549	17
549	65
549	184
549	386
550	0
550	45
551	0
551	5
551	8
551	65
551	72
551	104
551	210
551	277
551	312
551	375
551	448
552	17
552	29
552	57
552	64
552	81
552	256
552	285
552	300
552	353
552	458
553	6
553	19
553	30
553	64
553	66
553	78
553	146
553	256
553	260
553	264
553	304
553	385
554	136
554	208
554	224
554	288
554	324
555	16
555	376
556	0
556	22
556	52
556	193
556	240
556	322
556	326
557	0
557	44
557	64
557	136
557	147
558	9
559	0
559	1
559	4
559	10
559	27
559	68
559	80
559	82
559	128
559	176
559	322
559	406
559	453
560	64
560	65
560	108
560	114
560	145
560	152
560	264
560	298
560	299
560	484
561	68
561	120
561	256
561	260
562	4
562	288
562	325
563	48
563	66
563	196
563	204
563	328
564	4
564	15
564	17
564	36
564	206
564	396
565	33
565	103
565	128
565	290
565	337
565	392
566	23
566	321
567	34
567	77
567	128
567	129
567	322
568	36
568	68
568	70
568	96
568	129
568	242
568	251
568	330
569	7
569	12
569	165
570	389
571	50
572	10
572	256
573	8
574	65
575	0
575	5
575	28
575	64
575	70
575	72
575	99
575	122
575	128
575	130
575	136
575	146
575	148
575	199
575	260
575	277
575	282
575	287
575	288
575	292
575	404
575	428
575	452
575	485
576	0
576	13
576	16
576	17
576	36
576	69
576	72
576	97
576	128
576	131
576	132
576	144
576	155
576	266
576	274
576	290
576	302
576	369
576	375
576	394
577	1
577	4
577	5
577	36
577	53
577	68
577	130
577	153
577	184
577	186
577	192
577	210
577	224
577	249
577	328
577	344
578	1
578	32
578	80
578	264
578	432
578	495
579	2
579	18
579	24
579	52
579	82
579	84
579	88
579	256
579	420
580	204
580	384
581	2
581	4
581	39
581	178
581	266
582	0
582	281
582	425
582	453
582	473
583	8
583	18
583	81
583	90
583	128
583	134
583	138
583	194
583	252
583	265
583	433
583	455
584	21
584	36
584	195
584	222
584	277
584	448
585	21
585	164
585	176
585	256
585	260
585	283
585	323
585	388
585	390
586	46
586	52
586	138
586	266
587	10
587	96
587	144
588	10
588	20
588	85
588	110
588	120
588	198
589	6
589	7
589	66
589	100
589	145
590	42
590	418
591	6
591	11
591	20
591	128
591	259
591	262
591	267
591	386
591	400
591	441
592	14
592	48
592	137
592	142
592	160
592	258
592	259
593	2
593	12
593	25
593	33
593	40
593	97
593	116
593	144
593	288
593	320
594	128
594	289
594	341
595	9
595	145
595	160
595	310
596	16
596	38
596	68
596	194
597	34
597	65
597	130
597	135
597	154
597	188
598	34
598	214
598	256
598	288
598	324
599	17
599	40
599	200
599	262
599	362
599	385
600	133
600	223
600	392
601	3
601	4
601	8
601	72
601	73
602	217
602	260
602	329
602	468
603	51
603	168
603	358
604	64
604	128
604	336
604	359
604	400
605	64
605	258
607	2
607	6
607	9
607	25
607	86
607	130
607	338
608	36
608	52
608	78
608	145
608	269
608	338
608	418
609	52
609	66
609	68
609	70
609	78
609	100
609	128
609	130
609	265
609	431
610	48
610	72
610	80
610	262
610	329
611	12
611	28
611	32
611	45
611	117
611	129
611	136
611	258
611	465
612	6
612	7
612	16
612	33
612	34
612	264
612	385
613	36
613	40
613	56
613	131
613	136
613	230
613	280
614	49
614	379
615	2
615	4
615	147
615	176
615	257
615	288
615	324
615	370
616	2
616	40
616	132
616	274
617	14
617	99
617	485
619	482
620	195
621	155
622	226
623	132
623	260
623	304
623	313
623	424
624	0
624	196
625	112
625	182
625	261
627	8
628	9
628	203
629	24
629	320
630	432
631	148
631	275
632	24
632	28
633	275
634	34
635	5
635	16
635	17
635	396
636	86
636	206
637	244
637	322
637	424
639	4
639	7
639	33
639	47
639	64
639	65
639	66
639	90
639	133
639	161
639	164
639	176
639	258
639	278
639	295
640	0
640	33
640	34
640	39
640	40
640	64
640	85
640	86
640	90
640	128
640	136
640	147
640	176
640	208
640	234
640	256
640	264
640	288
640	301
640	302
640	387
641	32
641	40
641	159
641	234
641	304
641	339
642	18
642	32
642	42
642	74
642	105
642	194
642	416
643	3
643	4
643	21
643	33
643	81
643	212
643	261
643	386
643	480
644	32
644	80
644	88
644	89
644	146
644	192
645	18
645	69
645	102
645	110
645	135
645	147
645	164
645	359
646	2
646	160
646	258
647	135
647	140
647	210
647	230
647	376
648	2
648	64
648	84
648	86
648	118
648	257
648	266
648	322
648	392
649	4
649	6
649	14
649	64
649	105
649	134
649	152
649	269
649	281
649	291
649	321
649	339
650	0
650	16
650	226
650	358
651	12
651	18
651	38
651	80
651	140
651	188
651	243
651	268
651	288
651	289
652	24
652	64
652	86
652	281
652	290
652	330
652	386
652	416
653	69
653	280
654	32
655	0
655	3
655	4
655	12
655	32
655	33
655	131
655	138
655	144
655	184
655	198
655	212
655	294
655	300
655	321
655	396
656	0
656	2
656	17
656	48
656	53
656	65
656	100
656	144
656	228
656	245
656	278
656	281
656	359
656	371
657	16
657	122
657	128
657	180
657	183
657	218
657	258
657	275
657	304
657	336
657	438
658	30
658	195
658	257
658	397
659	4
659	56
659	116
659	131
659	180
660	24
660	48
660	132
660	137
660	189
660	194
660	212
661	4
661	102
661	106
661	138
661	470
662	98
662	292
663	5
663	8
663	32
663	83
663	132
663	291
663	320
663	401
663	508
664	5
664	62
664	122
664	262
664	320
664	432
665	160
665	266
665	327
667	0
667	134
668	32
668	285
669	44
670	370
670	404
671	9
671	67
671	82
671	138
671	145
671	150
671	260
671	261
671	264
671	265
671	295
671	420
672	3
672	18
672	48
672	136
673	0
673	2
673	26
673	113
673	148
673	256
673	267
673	291
673	448
674	12
674	42
674	85
674	152
674	304
675	16
675	34
675	64
675	85
675	260
676	48
676	57
676	229
676	256
677	0
677	100
677	141
677	151
677	424
678	1
678	36
678	242
678	388
679	64
679	65
679	69
679	105
679	195
679	272
679	384
680	40
680	74
680	131
680	192
680	338
681	133
681	384
681	420
682	58
682	96
682	250
683	265
683	268
684	1
684	66
684	272
684	305
684	371
685	140
685	270
686	240
686	278
686	332
687	134
687	276
687	464
688	16
688	52
688	163
689	10
689	20
689	38
689	68
689	98
689	112
689	124
689	150
690	201
691	1
691	40
691	82
692	49
692	77
692	128
692	304
692	422
694	106
694	276
696	16
696	32
696	258
697	188
698	25
698	48
699	1
699	64
699	71
699	403
700	0
700	153
703	0
703	6
703	48
703	49
703	71
703	130
703	150
703	192
703	235
703	272
703	388
704	8
704	28
704	41
704	192
704	264
704	398
705	4
705	13
705	70
705	72
705	83
705	96
705	123
705	153
705	495
706	18
706	65
706	262
706	338
707	8
707	25
707	46
707	74
707	112
707	113
707	320
707	339
708	64
708	117
709	26
709	152
709	201
709	276
710	35
710	64
710	321
710	328
711	0
711	18
711	64
711	66
711	130
711	152
711	220
711	359
711	432
712	100
712	448
713	28
713	29
713	305
714	54
714	96
714	421
714	490
715	54
715	60
715	184
715	225
715	256
716	330
716	389
717	45
717	124
717	146
718	56
719	292
720	19
720	49
720	65
720	67
720	152
720	268
720	292
720	323
720	340
720	407
721	8
721	15
721	16
721	52
721	128
721	208
721	270
722	21
724	268
724	488
727	21
727	37
727	180
727	300
728	37
728	56
728	165
729	0
729	12
729	25
729	64
729	395
732	226
732	276
732	290
735	86
735	133
735	226
735	241
735	323
735	386
735	460
736	336
737	2
737	50
737	224
738	153
738	224
739	224
740	280
743	132
744	0
745	138
746	18
746	289
747	80
748	17
748	128
748	386
748	473
749	74
749	256
749	322
750	258
751	1
751	46
751	160
751	242
751	272
752	3
752	184
753	16
755	108
755	144
758	196
759	316
759	324
760	0
761	73
766	272
766	322
767	0
767	4
767	8
767	9
767	14
767	18
767	42
767	48
767	54
767	56
767	62
767	73
767	74
767	77
767	90
767	98
767	144
767	157
767	160
767	178
767	225
767	244
767	256
767	292
767	304
767	309
767	313
767	342
767	358
768	0
768	3
768	8
768	45
768	66
768	81
768	96
768	116
768	129
768	138
768	156
768	172
768	200
768	216
768	256
768	262
768	299
768	324
768	336
768	483
769	0
769	1
769	8
769	36
769	60
769	64
769	76
769	148
769	160
769	169
769	238
769	257
769	260
769	272
769	391
769	402
769	468
769	501
770	1
770	12
770	26
770	32
770	52
770	58
770	68
770	98
770	132
770	260
770	384
770	402
771	22
771	24
771	64
771	112
771	202
771	256
771	304
771	348
771	384
772	16
772	25
772	39
772	104
772	128
772	162
772	197
772	259
772	490
773	8
773	43
773	53
773	102
773	148
773	233
773	267
773	295
773	304
774	0
774	32
774	130
774	224
774	298
774	401
775	0
775	22
775	34
775	92
775	136
775	256
775	308
775	418
775	434
776	15
776	20
776	26
776	273
776	290
776	389
777	0
777	11
777	23
777	80
777	130
777	325
777	356
777	402
777	492
778	225
778	288
779	2
779	6
779	8
779	57
779	65
779	273
779	305
779	368
780	0
780	385
781	0
781	34
781	261
781	269
782	10
783	6
783	32
783	40
783	97
783	105
783	148
783	163
783	202
783	272
783	324
783	386
783	418
784	2
784	8
784	18
784	22
784	77
784	130
784	169
784	171
784	192
784	376
785	118
785	260
785	297
785	334
785	339
786	68
786	74
786	91
786	108
786	385
786	388
787	16
787	33
787	68
787	420
788	1
788	8
788	81
788	130
788	259
788	340
789	0
789	36
789	256
790	64
790	98
790	316
791	40
791	92
791	128
791	148
791	162
791	224
791	280
792	0
792	19
792	24
792	30
792	32
793	20
793	132
794	128
794	301
795	324
796	284
796	353
798	10
798	32
798	115
799	0
799	20
799	26
799	38
799	44
799	86
799	104
799	149
799	160
799	192
799	198
799	204
799	224
799	257
799	298
799	349
800	8
800	20
800	66
800	68
800	82
800	130
800	141
800	148
800	198
800	224
800	228
800	320
800	326
800	338
800	360
800	369
800	405
801	18
801	32
801	88
801	129
801	160
801	294
801	333
801	456
802	73
802	107
802	168
803	6
803	136
803	458
804	1
804	4
804	24
804	50
804	306
804	448
805	35
805	80
805	106
805	142
805	419
805	420
806	36
806	139
806	307
806	326
806	416
807	3
807	7
807	32
807	45
807	80
807	194
807	256
807	259
807	269
808	48
808	240
809	104
809	215
809	228
809	385
810	27
810	128
811	0
811	305
812	352
812	356
813	3
814	20
814	50
814	64
815	0
815	105
815	401
816	354
817	237
817	264
817	483
818	0
818	162
818	252
818	400
819	4
819	461
820	4
822	77
822	248
823	14
823	408
824	80
824	264
824	424
825	165
825	326
826	160
828	32
829	387
831	0
831	2
831	18
831	32
831	36
831	70
831	98
831	108
831	138
831	256
831	364
832	10
832	11
832	130
832	148
832	308
832	384
832	388
832	458
833	26
833	33
833	60
833	206
833	272
833	274
834	1
834	99
834	116
834	135
834	193
834	194
834	273
835	40
835	85
835	104
835	145
835	186
835	276
835	285
835	392
835	398
835	426
835	449
836	290
836	368
837	4
837	58
837	260
837	484
839	35
839	49
839	80
839	312
840	19
840	39
840	68
840	352
841	36
841	277
842	26
842	208
842	392
843	0
843	17
843	195
843	261
843	360
844	54
844	79
844	146
844	418
845	322
846	90
846	262
846	274
847	32
847	102
847	165
847	192
847	266
847	388
847	454
848	14
848	40
848	67
848	88
848	151
849	272
850	4
850	72
851	133
852	11
852	264
852	357
853	64
853	268
854	0
854	4
855	393
856	128
856	148
857	256
857	353
858	37
859	272
859	325
859	447
860	100
861	58
863	3
863	12
863	19
863	188
863	317
863	320
863	459
864	16
864	25
864	26
864	264
864	266
864	291
865	130
865	344
865	425
866	1
866	81
866	428
867	2
867	32
867	74
868	18
868	200
868	248
869	329
871	52
871	162
871	341
872	4
872	67
872	96
876	205
879	0
879	4
879	103
880	0
880	16
880	149
880	427
880	456
882	41
884	152
885	144
888	21
889	256
889	267
890	152
891	8
891	194
893	128
895	0
895	29
895	52
895	57
895	132
895	268
895	304
895	329
895	491
896	2
896	3
896	16
896	32
896	33
896	38
896	101
896	131
896	146
896	432
897	68
897	88
897	186
897	192
897	197
897	260
897	312
897	326
897	356
898	6
898	98
898	134
898	165
898	280
899	17
899	81
899	120
899	145
899	256
899	440
899	461
900	0
900	8
900	78
900	164
900	256
900	272
900	306
900	336
901	26
901	77
901	131
901	281
902	8
903	4
903	7
903	46
903	144
903	209
903	217
903	260
903	399
904	99
904	394
905	80
905	269
905	400
906	96
906	336
906	385
907	56
907	199
908	0
908	34
908	78
908	130
909	224
909	236
909	417
910	19
911	6
911	12
911	363
912	7
912	85
912	112
912	155
912	225
913	42
914	137
915	0
915	48
915	140
916	17
916	68
916	138
916	290
918	144
918	256
919	7
919	14
920	273
920	376
921	136
921	144
922	54
922	325
922	417
924	384
925	144
925	269
927	27
927	294
928	140
928	446
929	451
930	94
930	293
931	0
931	6
931	101
931	384
932	32
932	140
932	464
933	141
933	472
935	0
935	66
935	82
935	106
936	4
936	13
937	52
937	157
941	138
941	388
942	3
942	90
943	3
943	136
943	160
943	386
943	407
944	3
944	65
944	259
945	225
945	315
945	454
946	202
947	18
948	144
949	16
949	19
950	225
953	4
954	260
955	384
956	4
956	353
959	0
959	80
959	150
960	20
960	98
960	192
960	393
961	21
961	194
961	209
961	258
962	224
962	262
963	0
963	34
963	50
963	106
963	131
963	144
963	337
964	6
964	36
965	2
965	272
966	7
966	72
966	113
967	64
967	132
967	304
968	89
969	134
969	384
971	24
973	130
973	168
975	0
975	128
975	389
976	44
976	160
976	235
976	337
977	4
979	290
979	456
981	12
985	25
985	130
985	132
985	469
986	97
987	0
991	16
992	131
992	445
992	472
993	8
995	452
997	65
997	162
997	259
999	66
999	336
1000	270
1000	322
1001	299
1001	461
1002	219
1004	32
1004	65
1005	260
1005	368
1007	4
1007	294
1008	264
1008	332
1014	220
1020	80
0	512
0	513
0	514
0	515
0	516
0	519
0	520
0	523
0	529
0	535
0	537
0	539
0	544
0	547
0	553
0	555
0	568
0	576
0	577
0	588
0	589
0	590
0	591
0	596
0	600
0	624
0	626
0	632
0	640
0	642
0	644
0	646
0	651
0	656
0	665
0	666
0	668
0	671
0	677
0	680
0	705
0	708
0	753
0	767
0	783
0	787
0	791
0	803
0	827
0	835
0	843
0	847
0	871
0	896
0	910
1	516
1	519
1	520
1	553
1	559
1	576
1	578
1	588
1	609
1	623
1	640
1	643
1	651
1	658
1	666
1	706
1	707
1	771
1	808
1	857
1	911
1	933
2	513
2	517
2	519
2	533
2	536
2	548
2	559
2	562
2	575
2	591
2	595
2	599
2	659
2	661
2	676
2	687
2	704
2	705
2	719
2	770
2	771
2	783
2	801
2	831
2	869
2	895
2	913
2	916
2	964
2	967
2	968
2	976
2	978
3	530
3	551
3	568
3	576
3	579
3	715
3	746
3	777
3	831
3	840
3	867
3	898
3	928
3	960
3	961
4	511
4	513
4	515
4	519
4	546
4	548
4	555
4	562
4	563
4	567
4	588
4	600
4	637
4	640
4	641
4	643
4	645
4	649
4	652
4	673
4	686
4	729
4	769
4	777
4	782
4	785
4	802
4	810
4	817
4	821
4	839
4	897
5	511
5	525
5	542
5	543
5	549
5	560
5	685
5	689
5	703
5	746
5	767
5	777
6	511
6	512
6	516
6	519
6	527
6	529
6	535
6	539
6	543
6	544
6	612
6	645
6	659
6	712
6	718
6	789
6	880
6	891
6	895
6	897
6	985
7	608
7	627
7	692
7	706
7	777
8	511
8	512
8	513
8	518
8	519
8	531
8	535
8	543
8	545
8	547
8	564
8	583
8	585
8	611
8	620
8	639
8	640
8	644
8	646
8	692
8	695
8	715
8	721
8	739
8	740
8	751
8	769
8	770
8	782
8	800
8	871
8	900
8	913
8	929
8	943
8	976
8	1009
9	511
9	512
9	516
9	559
9	577
9	596
9	599
9	676
9	703
9	705
9	743
9	750
9	776
9	800
9	864
9	980
10	514
10	519
10	546
10	649
10	768
10	769
10	815
10	831
10	895
10	916
10	959
10	964
10	984
11	516
11	552
11	553
11	596
11	929
11	962
12	517
12	523
12	528
12	548
12	551
12	603
12	642
12	643
12	644
12	792
12	799
12	806
12	832
12	897
12	918
12	960
13	545
13	592
13	645
13	937
13	963
14	531
14	644
14	647
14	671
15	841
16	511
16	516
16	518
16	525
16	527
16	533
16	544
16	551
16	578
16	602
16	615
16	639
16	641
16	642
16	692
16	721
16	772
16	777
16	779
16	784
16	795
16	913
16	920
16	945
16	993
17	511
17	529
17	571
17	586
17	589
17	613
17	619
17	644
17	669
17	677
17	690
17	853
17	992
18	511
18	512
18	567
18	579
18	639
18	643
18	707
18	776
18	803
18	818
18	819
18	832
18	937
18	965
18	1001
19	511
19	711
19	714
19	768
19	777
19	840
20	516
20	527
20	529
20	532
20	549
20	596
20	639
20	643
20	709
20	746
20	769
20	778
20	803
20	898
20	900
20	905
20	928
20	959
20	961
21	511
21	607
21	642
21	672
21	740
21	848
21	864
22	532
22	639
22	675
22	779
22	817
22	908
22	970
23	515
23	607
23	645
23	688
23	704
23	761
24	513
24	516
24	544
24	547
24	551
24	641
24	642
24	723
24	770
24	800
24	831
24	880
24	928
25	513
25	516
25	530
25	549
25	577
25	603
25	663
25	687
25	769
25	808
25	959
26	578
26	680
26	800
26	888
26	907
27	511
27	516
27	561
27	665
27	772
27	801
28	540
28	561
28	578
28	621
28	767
28	768
29	529
30	528
30	641
30	722
30	768
31	545
31	812
31	835
31	856
32	512
32	515
32	520
32	522
32	528
32	549
32	577
32	579
32	594
32	600
32	628
32	635
32	639
32	671
32	675
32	705
32	735
32	767
32	778
32	799
32	839
32	863
32	879
32	882
32	892
32	905
32	1016
33	514
33	515
33	516
33	521
33	527
33	529
33	575
33	583
33	584
33	591
33	596
33	599
33	641
33	657
33	673
33	769
33	838
33	848
33	896
34	511
34	512
34	519
34	520
34	527
34	551
34	579
34	583
34	645
34	647
34	675
34	720
34	751
34	847
34	900
35	521
35	531
35	536
35	546
35	604
35	610
35	823
36	515
36	518
36	528
36	543
36	553
36	577
36	605
36	619
36	623
36	639
36	768
36	776
36	777
36	781
36	803
36	881
36	903
36	935
36	1008
37	529
37	538
37	543
37	567
37	601
37	706
37	710
37	767
37	771
37	864
37	867
38	512
38	577
38	626
38	723
38	769
38	820
39	561
39	719
39	771
40	547
40	562
40	641
40	646
40	655
40	708
40	746
40	769
40	783
40	810
40	833
40	1017
41	588
41	712
41	895
41	1019
42	512
42	514
42	520
42	522
42	531
42	564
42	614
42	672
42	816
42	819
42	832
42	866
43	600
43	793
43	819
43	951
44	649
44	711
44	835
44	854
44	857
44	947
45	576
45	768
46	581
46	772
47	548
47	650
47	820
48	512
48	513
48	514
48	515
48	543
48	553
48	555
48	580
48	619
48	640
48	801
48	802
48	831
48	944
49	511
49	516
49	519
49	682
49	733
49	770
49	816
49	863
50	511
50	544
50	552
50	654
50	658
50	741
50	777
50	863
50	911
50	991
51	522
51	535
51	587
51	937
52	516
52	576
52	646
52	650
52	869
52	922
53	556
53	643
53	676
53	735
53	832
54	572
54	768
56	532
56	545
56	576
56	620
56	672
56	703
56	930
57	671
57	767
58	856
59	779
60	515
60	536
60	577
60	777
61	531
62	519
64	512
64	516
64	534
64	541
64	544
64	558
64	560
64	561
64	575
64	578
64	579
64	588
64	597
64	601
64	622
64	634
64	639
64	656
64	717
64	768
64	770
64	781
64	785
64	803
64	838
64	865
64	903
64	904
64	947
65	511
65	528
65	591
65	592
65	669
65	713
65	721
65	739
65	777
65	778
65	824
65	848
66	512
66	522
66	591
66	598
66	657
66	705
66	767
66	786
66	807
66	808
66	841
66	847
66	919
66	925
66	960
67	517
67	518
67	543
67	553
67	579
67	591
67	620
67	640
67	671
67	739
67	772
67	808
67	826
67	835
67	884
68	515
68	531
68	537
68	559
68	613
68	660
68	663
68	728
68	769
68	810
68	815
68	854
68	866
68	915
68	941
69	514
69	524
69	557
69	593
69	651
69	768
69	780
69	790
70	548
70	591
70	601
70	611
70	643
70	782
70	813
71	640
71	795
72	559
72	561
72	587
72	629
72	633
72	640
72	666
72	687
72	784
72	787
72	788
72	799
72	897
73	559
73	584
73	663
73	791
73	793
73	852
73	895
74	512
74	519
74	588
74	655
74	736
74	908
75	516
75	523
75	538
75	549
76	511
76	515
76	519
76	609
76	672
76	704
76	895
77	544
77	656
77	834
77	914
77	957
78	512
78	515
78	639
78	785
79	511
79	516
79	672
79	799
80	515
80	523
80	538
80	575
80	579
80	593
80	602
80	642
80	655
80	658
80	663
80	683
80	707
80	708
80	767
80	803
80	805
80	958
81	532
81	582
81	647
81	735
81	760
81	768
81	788
81	799
81	800
82	515
82	518
82	534
82	553
82	580
82	585
82	631
82	662
82	951
83	657
83	784
83	837
83	873
84	525
84	547
84	549
84	562
84	705
84	767
84	847
85	516
85	690
86	561
86	598
86	639
87	836
88	555
88	579
88	648
88	657
88	712
88	722
88	832
88	896
88	1007
89	527
89	919
90	566
90	653
91	523
91	530
91	681
92	516
92	579
92	934
93	576
95	674
96	515
96	517
96	537
96	544
96	545
96	577
96	646
96	647
96	771
96	792
96	995
97	618
97	732
97	840
97	843
97	895
97	943
97	961
97	962
98	528
98	543
98	578
98	594
98	608
98	641
98	659
98	683
98	769
98	776
98	909
99	519
99	639
99	743
100	690
100	726
100	785
100	786
100	928
101	641
101	709
101	760
101	768
101	908
101	978
102	611
102	674
102	688
102	690
102	784
102	803
104	513
104	540
104	560
104	567
104	580
104	647
104	788
104	792
104	803
104	808
104	947
105	995
106	584
106	838
106	913
107	951
108	521
108	582
108	642
108	799
109	616
109	807
110	769
111	777
112	512
112	618
112	772
112	774
112	799
113	511
113	527
113	560
113	847
113	852
113	931
114	608
114	640
114	708
114	909
115	549
115	736
116	896
117	524
117	639
118	533
118	535
119	687
120	593
120	607
120	665
120	905
121	609
122	520
122	524
122	575
122	587
123	647
124	583
125	581
127	519
128	511
128	512
128	514
128	520
128	522
128	523
128	524
128	528
128	529
128	532
128	540
128	544
128	548
128	577
128	581
128	582
128	607
128	615
128	639
128	640
128	641
128	657
128	673
128	679
128	719
128	736
128	748
128	771
128	773
128	807
128	819
128	824
128	875
128	911
128	917
128	921
128	924
128	991
129	532
129	543
129	552
129	568
129	582
129	612
129	642
129	647
129	651
129	703
129	708
129	748
129	767
129	800
129	831
129	967
130	513
130	534
130	536
130	543
130	581
130	615
130	627
130	641
130	767
130	768
130	771
130	772
130	800
130	858
130	897
131	706
131	716
131	721
131	775
131	800
131	900
132	530
132	550
132	592
132	753
132	835
132	961
132	991
133	530
133	651
133	658
133	777
134	536
135	522
135	530
135	803
135	839
136	511
136	520
136	553
136	576
136	591
136	593
136	640
136	657
136	659
136	777
136	782
136	791
136	903
136	905
136	923
136	927
136	992
137	515
137	519
137	546
137	548
137	579
137	595
137	642
137	647
137	648
137	759
137	1015
138	513
138	553
138	575
138	581
138	592
138	645
138	722
138	756
138	804
138	819
138	876
139	536
139	547
139	664
139	711
140	566
140	640
140	643
140	696
140	752
140	767
141	523
141	624
141	780
141	787
142	575
142	738
143	560
143	655
143	682
143	799
143	824
143	962
143	975
144	511
144	512
144	548
144	564
144	569
144	576
144	605
144	609
144	612
144	614
144	647
144	658
144	664
144	744
144	780
144	782
144	787
144	808
144	911
144	924
144	927
144	943
144	961
145	512
145	515
145	517
145	647
145	789
146	532
146	581
146	585
146	627
146	660
146	787
146	911
146	914
147	855
147	962
148	527
148	552
148	633
148	640
148	649
148	671
148	744
148	800
148	895
149	511
149	519
150	593
151	515
151	517
151	521
151	525
151	675
151	920
152	628
152	649
152	770
152	880
152	998
153	513
153	553
154	641
154	655
154	804
154	900
156	514
156	530
156	578
156	657
156	722
156	822
157	539
157	569
157	836
158	513
158	568
158	581
159	520
160	511
160	513
160	516
160	584
160	611
160	616
160	668
160	735
160	758
160	767
160	784
160	785
160	869
160	875
160	897
161	599
161	605
161	655
161	778
161	929
162	513
162	518
162	580
162	585
162	647
162	922
163	532
163	631
163	697
163	740
164	516
164	538
164	656
164	767
164	869
164	872
164	895
165	525
165	543
165	562
165	643
165	761
166	573
166	623
166	756
166	811
166	848
167	787
167	863
168	551
168	580
168	588
168	640
168	644
168	659
168	770
168	824
168	901
169	649
169	776
170	572
170	679
171	593
173	569
173	754
173	848
174	516
174	557
174	773
174	895
175	533
175	792
176	589
176	675
176	715
176	730
176	767
176	907
176	911
176	930
176	986
177	545
177	582
178	525
178	772
179	641
179	655
180	515
180	704
180	775
180	938
181	515
181	619
182	511
182	679
184	537
184	544
184	644
184	705
184	800
184	851
185	512
185	577
188	543
188	581
188	584
188	831
192	515
192	526
192	536
192	575
192	603
192	632
192	649
192	804
192	839
192	841
192	876
192	948
192	988
193	537
193	614
193	641
193	645
193	703
193	771
193	793
193	833
193	864
194	519
194	553
194	635
194	641
194	646
194	812
195	868
196	559
196	560
196	594
196	678
196	748
196	767
196	815
196	980
197	511
197	512
197	520
197	533
197	663
197	768
197	971
198	552
198	673
198	700
198	767
198	832
198	928
199	639
199	703
199	707
200	516
200	543
200	585
200	688
200	785
200	815
200	840
200	906
200	944
201	511
201	513
201	597
201	611
201	639
201	664
201	832
201	837
201	897
201	930
201	961
202	611
202	740
202	800
203	514
203	602
203	641
203	776
203	791
204	575
204	577
204	639
204	768
204	790
205	524
205	650
206	528
206	662
206	673
206	705
208	527
208	546
208	622
208	915
208	947
209	738
210	583
210	768
211	516
212	521
212	549
212	831
212	886
213	520
213	523
213	527
214	531
214	552
215	569
216	544
218	567
218	768
224	518
224	530
224	531
224	593
224	643
224	836
224	993
225	535
225	546
225	569
225	579
225	583
225	672
225	820
226	549
226	559
226	816
227	671
228	665
228	795
230	511
230	576
230	771
232	519
232	520
232	576
232	607
232	743
233	640
236	512
236	539
236	640
238	513
238	660
238	661
240	608
241	589
241	651
241	909
244	516
244	856
245	721
246	767
247	547
248	599
250	671
250	706
252	767
253	537
256	511
256	521
256	523
256	531
256	576
256	584
256	639
256	652
256	664
256	671
256	672
256	673
256	674
256	705
256	706
256	712
256	724
256	735
256	776
256	783
256	790
256	793
256	836
256	899
256	976
257	519
257	544
257	552
257	579
257	596
257	640
257	644
257	649
257	671
257	677
257	712
257	719
257	772
257	773
257	775
257	779
257	788
257	804
257	820
257	897
257	901
258	511
258	515
258	527
258	529
258	532
258	543
258	560
258	564
258	631
258	706
258	707
258	737
258	771
258	775
258	776
258	785
258	823
258	978
259	515
259	755
259	908
259	916
260	512
260	517
260	553
260	591
260	641
260	648
260	707
260	708
260	711
260	780
260	877
260	898
260	919
261	514
261	547
261	656
261	711
261	768
261	803
262	519
262	522
262	559
262	576
262	577
262	654
262	710
262	801
262	929
262	960
262	1013
263	543
263	581
263	632
263	655
264	529
264	536
264	543
264	565
264	582
264	600
264	650
264	672
264	704
264	709
264	752
264	767
264	768
264	799
264	833
264	959
264	972
265	523
265	527
265	569
265	675
265	684
265	905
266	512
266	533
266	551
266	583
266	591
266	644
266	675
266	771
266	773
266	858
266	923
267	515
267	574
267	784
267	819
268	564
268	582
268	812
268	833
268	840
268	843
268	976
269	532
269	815
270	523
270	654
270	770
270	773
270	839
271	515
272	511
272	517
272	519
272	529
272	576
272	688
272	700
272	707
272	746
272	756
272	837
272	873
272	896
272	959
273	515
273	521
273	546
273	688
273	721
273	784
273	801
273	865
273	959
273	993
274	543
274	551
274	578
274	592
274	642
274	708
274	789
274	804
275	556
275	580
275	785
275	833
276	540
276	648
276	655
276	671
277	521
277	655
277	688
277	862
277	928
278	514
278	515
278	558
278	818
279	773
279	777
280	517
280	578
280	580
280	639
280	645
280	752
280	767
280	848
280	869
280	994
281	673
281	679
282	577
282	579
283	541
283	702
284	517
284	544
284	664
284	852
285	520
286	639
286	696
288	524
288	544
288	568
288	576
288	596
288	599
288	644
288	681
288	724
288	770
288	832
288	879
288	903
288	919
289	534
289	540
289	613
289	852
290	512
290	515
290	528
290	546
290	599
290	898
290	920
291	529
291	783
291	785
292	516
292	529
292	580
292	656
292	793
292	801
292	948
292	969
293	512
293	514
293	520
293	575
293	576
293	639
293	771
293	839
294	579
295	655
296	516
296	520
296	589
296	675
296	727
296	744
296	771
296	779
296	785
297	546
297	556
297	666
298	521
298	586
298	607
298	736
298	768
298	896
298	897
298	946
299	532
299	619
300	511
300	514
300	528
300	771
300	817
301	959
302	589
302	641
303	530
303	604
303	914
304	516
304	523
304	557
304	609
304	655
304	696
304	707
305	544
305	579
305	625
306	640
306	783
306	799
308	832
308	833
308	865
309	588
309	794
310	568
312	548
312	719
312	773
312	811
314	517
314	615
314	681
314	751
317	516
317	533
317	641
318	514
320	513
320	514
320	521
320	531
320	532
320	536
320	547
320	567
320	572
320	600
320	604
320	655
320	694
320	712
320	775
320	820
320	921
321	515
321	538
321	545
321	647
321	670
321	880
322	517
322	551
322	675
322	755
322	787
322	805
322	836
324	532
324	651
324	672
324	684
324	712
324	799
324	836
325	514
325	537
325	548
325	647
325	651
325	655
325	834
325	920
326	523
326	544
326	551
326	640
326	663
327	539
327	609
327	785
327	995
328	591
328	601
328	776
328	784
328	804
328	900
329	688
330	512
330	643
330	712
330	772
331	586
331	650
331	836
332	513
332	816
332	851
333	703
334	842
334	893
336	516
336	536
336	592
336	660
336	945
337	517
337	759
338	514
340	519
340	767
342	516
342	559
343	591
343	901
344	554
344	655
345	535
345	780
346	566
348	523
349	561
352	519
352	540
352	553
352	615
352	659
352	677
352	683
352	752
353	569
353	641
353	712
353	832
354	511
354	523
354	580
354	586
354	587
354	779
355	824
355	874
356	532
356	543
356	610
356	668
356	852
356	965
357	519
357	850
357	915
357	919
358	535
358	607
358	656
358	831
359	588
360	579
361	656
361	713
362	522
362	577
362	643
362	960
364	564
364	779
367	841
368	530
368	842
369	600
370	899
370	912
372	521
372	579
372	655
372	708
372	847
374	524
374	769
375	511
377	671
377	920
379	588
382	512
384	511
384	513
384	515
384	516
384	623
384	645
384	679
384	736
384	772
384	776
384	786
384	788
384	802
384	803
384	831
384	840
384	863
384	982
385	537
385	553
385	639
385	775
385	786
385	790
385	842
385	911
385	976
386	527
386	561
386	609
386	622
386	641
386	658
387	523
387	744
387	831
388	523
388	528
388	575
388	584
388	783
388	907
388	912
388	923
388	928
389	518
389	529
389	676
389	723
389	767
389	831
390	526
390	593
390	609
390	626
390	767
390	780
390	833
390	920
392	550
392	564
392	673
392	740
392	874
393	587
393	619
393	698
393	771
393	864
393	966
394	665
394	960
395	691
395	744
396	514
396	579
396	591
396	623
396	778
396	851
398	771
399	615
400	520
400	528
400	608
400	771
400	801
400	825
400	965
400	984
401	514
401	818
401	834
401	938
401	964
402	577
402	607
402	657
402	744
403	536
404	521
404	595
404	652
404	836
404	896
406	753
407	784
408	604
408	609
408	785
409	511
409	514
409	650
409	704
409	773
409	836
410	516
410	544
410	575
410	613
410	676
411	563
411	768
411	978
412	530
412	787
412	858
413	768
415	724
415	728
415	840
416	548
416	575
416	591
416	695
416	712
416	731
417	513
417	575
417	800
417	847
418	629
418	657
419	597
420	546
420	641
421	545
422	517
423	663
424	525
424	761
424	767
425	553
425	771
426	545
426	691
427	515
428	563
428	580
428	590
428	897
432	532
432	677
432	687
432	779
433	546
433	620
433	656
434	639
434	850
440	599
440	616
441	639
442	587
443	514
445	595
445	991
446	770
448	512
448	513
448	534
448	583
448	644
448	876
449	554
449	594
449	616
449	707
449	815
449	884
450	515
450	538
450	643
452	514
452	704
452	771
452	899
453	786
454	585
455	602
456	524
456	553
456	789
456	873
457	522
457	655
457	683
458	644
458	769
458	904
459	767
460	540
460	736
460	840
461	637
462	513
462	565
463	546
464	516
464	564
464	690
465	649
466	514
466	613
466	1008
467	550
467	656
468	735
468	911
469	728
469	776
470	574
470	910
472	591
476	756
480	524
480	529
480	575
480	645
480	786
482	805
483	973
484	511
484	595
485	582
486	512
486	617
487	671
488	516
488	530
488	801
488	945
489	516
489	517
490	896
491	612
491	799
492	996
496	807
498	641
501	618
501	676
504	811
504	865
505	523
507	785
511	515
511	520
511	525
511	531
511	584
511	592
511	607
511	720
511	733
511	735
511	736
511	768
511	775
511	792
511	838
511	977
511	999
512	511
512	515
512	516
512	537
512	552
512	568
512	576
512	607
512	641
512	644
512	707
512	712
512	720
512	770
512	771
512	805
512	808
512	820
512	841
512	851
512	880
512	899
512	914
512	949
513	521
513	528
513	532
513	536
513	591
513	612
513	624
513	642
513	775
513	778
513	826
513	831
513	861
513	901
514	512
514	515
514	516
514	521
514	524
514	563
514	565
514	621
514	776
514	833
514	919
514	921
514	964
515	521
515	528
515	538
515	575
515	767
515	792
515	857
515	867
515	902
516	558
516	578
516	607
516	667
516	703
516	769
516	775
516	817
516	837
516	897
517	511
517	527
517	535
517	583
517	592
517	643
518	531
518	543
518	552
518	614
519	527
519	532
519	544
519	551
519	553
519	569
519	607
519	611
519	651
519	671
519	776
519	870
519	906
519	912
520	512
520	513
520	521
520	555
520	557
520	559
520	579
520	581
520	616
520	621
520	641
520	648
520	697
520	777
520	817
520	874
521	520
521	539
521	651
521	808
522	545
522	553
522	721
522	775
522	776
522	799
522	803
523	512
523	559
523	633
523	709
523	716
523	727
523	736
523	772
523	793
523	824
523	907
523	943
524	512
524	625
524	647
524	792
524	815
525	520
525	565
525	575
525	604
525	657
525	824
525	895
525	929
526	514
526	573
527	514
527	577
527	657
527	679
527	731
527	768
527	769
527	821
527	831
527	849
527	909
527	915
527	984
528	513
528	517
528	519
528	617
528	647
528	664
528	727
528	739
528	783
528	786
528	789
528	868
529	534
529	638
529	783
529	849
529	865
529	897
530	561
530	902
531	512
531	515
531	519
531	545
532	516
532	584
532	591
532	618
532	793
532	796
532	839
533	519
533	529
533	643
533	884
534	655
534	705
534	740
535	623
535	779
535	791
536	528
536	732
536	760
536	848
537	526
537	621
538	707
539	521
539	675
541	537
541	856
541	880
542	530
542	768
542	832
543	516
543	520
543	528
543	530
543	533
543	534
543	536
543	580
543	781
543	792
543	832
543	867
543	960
544	520
544	588
544	611
544	640
544	764
544	769
544	939
544	976
545	517
545	532
545	577
545	592
545	593
545	598
545	640
545	663
545	707
545	713
545	791
545	861
546	522
546	523
546	544
546	578
546	741
546	771
546	951
546	1001
547	529
547	593
547	767
547	913
547	916
547	938
548	615
548	738
548	814
549	511
549	536
549	545
549	573
549	673
550	847
551	527
551	560
551	600
551	609
551	629
551	779
551	808
552	723
552	840
552	887
552	900
553	614
553	656
553	775
553	852
554	596
554	659
554	854
555	576
555	586
555	857
555	891
556	597
556	896
558	716
559	537
559	540
559	544
559	562
559	605
559	633
559	642
559	680
559	1016
560	529
560	867
561	579
561	663
561	800
561	809
562	512
562	536
562	547
562	640
563	560
563	901
564	599
564	641
564	725
565	513
565	578
565	735
566	513
566	729
567	520
567	529
567	598
567	610
567	629
567	752
567	791
568	708
568	735
568	778
568	964
571	998
572	695
572	903
573	802
575	513
575	516
575	519
575	543
575	547
575	549
575	557
575	564
575	579
575	593
575	610
575	623
575	710
575	925
576	511
576	547
576	572
576	637
576	740
576	805
576	891
577	531
577	584
577	767
577	832
578	648
578	932
579	537
579	563
579	768
579	852
579	911
579	977
580	612
580	640
580	669
580	752
580	767
580	1000
581	543
581	836
581	899
581	974
581	984
581	988
582	560
582	640
583	517
583	529
583	648
583	768
584	524
584	819
584	891
585	535
585	645
586	528
586	529
586	578
586	759
587	537
588	535
588	543
588	725
588	900
589	569
589	756
589	786
590	577
590	660
590	767
591	522
591	579
591	943
592	571
592	617
592	649
592	776
592	832
592	910
593	594
594	732
595	532
595	599
595	664
596	513
596	585
596	661
596	689
596	773
596	774
599	647
599	802
599	876
599	930
600	683
600	767
600	769
601	604
601	890
601	919
602	548
602	640
603	818
607	531
607	537
607	796
607	825
607	896
608	576
608	673
609	517
609	597
609	871
610	639
610	737
610	800
611	533
611	844
611	907
612	641
613	725
613	786
614	661
616	512
616	514
616	520
616	608
617	514
617	840
617	871
618	659
619	551
619	641
619	863
620	795
621	538
623	512
623	541
623	543
623	569
623	775
623	933
623	935
624	744
625	680
626	800
627	559
627	648
628	523
628	664
629	575
631	680
635	545
635	874
639	515
639	525
639	536
639	550
639	642
639	752
639	770
639	800
639	924
640	523
640	559
640	604
640	662
640	783
640	904
641	591
641	666
641	672
641	799
642	515
642	536
642	640
643	512
643	519
643	556
643	647
643	713
643	774
643	912
643	1020
644	531
644	544
644	639
644	654
644	664
644	922
645	578
645	608
645	772
646	586
647	511
647	513
647	529
647	545
647	596
647	657
647	779
647	835
647	851
648	513
648	533
648	580
648	625
648	703
648	752
648	821
649	535
649	639
649	727
649	789
649	853
650	528
650	590
651	528
651	687
651	966
652	521
652	533
652	575
652	706
653	943
655	561
655	939
656	511
656	513
656	616
656	639
656	711
656	895
657	518
657	626
657	708
657	716
657	775
657	866
658	608
658	640
658	641
658	642
659	540
659	544
660	544
661	543
661	849
663	787
663	803
664	645
665	560
666	792
666	877
667	640
667	642
667	724
667	776
669	788
671	514
671	519
671	520
671	967
672	897
673	512
673	532
673	535
673	550
673	577
673	596
673	602
673	616
673	644
674	520
674	546
674	592
675	519
675	543
675	607
676	579
676	612
676	643
677	513
678	603
678	663
678	796
679	597
679	607
679	710
679	779
680	799
681	583
682	639
682	859
683	552
684	847
687	648
688	799
688	818
689	522
689	523
689	998
690	604
693	575
693	730
695	694
695	943
696	554
696	679
698	674
699	511
699	755
703	548
703	815
704	517
704	568
704	663
704	754
704	771
705	535
705	581
705	639
705	644
706	816
708	561
709	543
709	596
710	964
711	512
711	528
711	721
711	882
713	647
713	922
714	614
714	671
715	511
715	568
715	599
715	819
716	647
717	768
719	899
719	912
719	991
720	584
721	543
721	593
721	639
723	954
724	545
725	588
725	796
732	773
733	511
736	513
736	547
736	673
736	696
736	902
738	835
739	981
740	548
740	663
740	832
740	868
741	704
743	528
743	776
744	611
746	535
748	647
750	647
751	789
752	527
752	533
753	776
759	528
763	643
765	512
767	511
767	576
767	655
767	812
767	898
768	511
768	516
768	559
768	562
768	651
768	673
768	710
768	874
768	961
768	983
769	512
769	576
769	649
769	783
770	521
770	538
770	929
771	511
771	523
771	587
771	590
771	603
771	661
771	695
771	798
771	851
771	855
771	903
772	513
772	544
772	583
772	588
772	803
773	529
773	744
773	867
773	921
774	897
775	568
775	576
775	640
775	641
776	541
776	548
776	667
776	674
776	803
776	863
776	905
776	959
777	516
777	642
777	675
778	511
779	520
779	607
779	618
779	649
779	769
780	592
780	607
780	665
780	901
780	987
781	645
782	543
783	519
783	570
783	575
783	723
784	658
784	693
784	704
784	845
784	855
785	517
785	543
785	829
786	539
786	752
786	759
787	531
787	560
787	638
788	545
789	540
789	640
790	545
791	513
791	530
791	589
791	593
791	831
791	841
791	895
791	979
792	640
792	776
794	703
794	832
795	511
795	515
795	539
795	715
795	767
796	704
797	533
797	897
798	815
799	673
799	675
799	822
800	512
800	546
800	801
800	898
800	913
801	511
801	648
802	521
802	738
803	512
803	546
803	923
803	944
804	513
804	783
804	807
805	513
805	523
805	715
806	578
806	720
807	521
807	527
807	672
807	767
808	759
809	543
809	787
810	691
811	928
812	514
812	533
812	600
815	583
815	671
815	921
816	516
816	818
816	995
817	563
817	586
817	663
817	803
818	773
818	775
819	560
821	519
822	600
822	648
823	530
824	674
824	819
825	548
825	694
826	645
827	554
827	812
831	551
831	732
831	919
832	513
832	563
832	594
832	655
832	802
832	831
832	937
833	590
833	651
833	685
833	776
833	789
835	561
835	806
835	896
835	965
836	561
836	576
836	677
837	651
837	1009
838	545
838	573
838	673
839	599
839	611
839	732
839	815
839	867
840	527
840	552
840	779
844	520
844	590
846	608
847	526
847	589
847	711
848	511
848	512
848	515
848	581
848	678
848	774
848	944
849	520
849	579
850	511
850	710
854	545
855	559
855	719
857	791
859	637
859	656
862	512
863	983
864	624
864	691
864	758
864	827
865	905
868	521
868	643
868	788
869	895
871	916
872	516
874	757
875	896
876	783
879	542
879	675
880	775
881	608
881	769
882	657
882	803
882	848
883	675
887	607
895	515
895	520
895	532
895	565
896	530
896	545
896	551
896	556
896	575
896	632
896	707
896	715
896	946
897	707
897	900
898	920
899	512
899	592
899	640
899	849
899	995
900	641
900	649
900	816
901	864
901	899
902	646
902	857
903	659
903	673
903	775
904	516
904	671
904	762
906	652
907	513
907	532
907	959
912	577
912	802
913	514
915	597
915	687
915	768
917	901
917	948
918	656
919	519
919	895
921	512
921	783
921	967
923	584
923	671
925	897
926	676
927	515
927	867
927	917
928	512
928	513
928	561
928	677
928	769
928	799
929	513
929	535
929	601
931	578
931	763
931	901
935	548
935	655
936	588
936	639
936	645
937	659
939	526
939	584
939	643
940	519
943	529
944	528
944	545
944	679
944	932
946	845
947	639
947	803
948	594
949	535
949	770
952	778
954	521
954	581
959	513
960	513
960	516
960	579
960	601
960	641
960	784
961	514
963	527
963	562
964	583
964	858
967	833
968	671
968	752
968	786
969	592
970	581
971	667
972	728
975	625
976	530
976	583
976	901
977	548
978	547
978	552
979	515
981	775
984	745
991	649
991	703
992	511
992	551
993	913
994	579
994	607
994	800
995	659
996	552
996	734
998	813
1000	536
1004	772
1008	512
1009	528
1009	647
0	1
0	2
0	3
0	4
0	5
0	6
0	8
0	9
0	10
0	14
0	16
0	17
0	19
0	20
0	21
0	22
0	23
0	24
0	25
0	26
0	28
0	32
0	33
0	36
0	37
0	44
0	45
0	48
0	49
0	64
0	65
0	67
0	68
0	69
0	70
0	73
0	81
0	86
0	90
0	97
0	105
0	128
0	130
0	136
0	137
0	138
0	140
0	144
0	145
0	148
0	152
0	160
0	161
0	168
0	176
0	180
0	181
0	193
0	197
0	206
0	207
0	214
0	224
0	243
0	260
0	269
0	272
0	273
0	277
0	280
0	285
0	288
0	292
0	317
0	320
0	322
0	329
0	335
0	352
0	353
0	360
0	371
0	384
0	385
0	386
0	388
0	392
0	393
0	394
0	400
0	403
0	406
0	408
0	416
0	417
0	418
0	419
0	420
0	424
0	430
0	448
0	450
0	452
0	454
0	458
0	470
0	484
0	496
1	0
1	2
1	3
1	5
1	6
1	10
1	12
1	16
1	20
1	22
1	24
1	29
1	32
1	40
1	46
1	64
1	68
1	70
1	72
1	87
1	89
1	92
1	98
1	100
1	104
1	115
1	120
1	121
1	128
1	129
1	136
1	137
1	138
1	144
1	145
1	152
1	154
1	160
1	169
1	176
1	197
1	201
1	209
1	226
1	240
1	248
1	256
1	257
1	258
1	261
1	269
1	274
1	276
1	279
1	280
1	288
1	289
1	302
1	310
1	324
1	327
1	337
1	384
1	387
1	388
1	402
1	408
1	409
1	436
1	476
2	0
2	3
2	4
2	8
2	10
2	16
2	20
2	22
2	32
2	33
2	34
2	35
2	36
2	37
2	48
2	65
2	66
2	68
2	96
2	97
2	98
2	101
2	105
2	120
2	128
2	129
2	130
2	132
2	144
2	145
2	146
2	152
2	156
2	159
2	161
2	193
2	210
2	260
2	273
2	284
2	290
2	291
2	292
2	300
2	301
2	304
2	314
2	315
2	336
2	344
2	378
2	397
2	434
2	450
2	452
2	466
2	489
3	1
3	4
3	5
3	20
3	22
3	26
3	32
3	54
3	56
3	65
3	66
3	78
3	104
3	112
3	116
3	132
3	144
3	169
3	182
3	197
3	256
3	257
3	264
3	272
3	281
3	288
3	305
3	307
3	343
3	385
3	434
4	0
4	2
4	3
4	8
4	12
4	13
4	16
4	24
4	32
4	34
4	37
4	48
4	62
4	67
4	68
4	78
4	89
4	98
4	100
4	113
4	128
4	130
4	133
4	136
4	138
4	140
4	144
4	156
4	160
4	164
4	168
4	176
4	192
4	194
4	256
4	257
4	259
4	262
4	282
4	285
4	296
4	308
4	322
4	323
4	326
4	337
4	360
4	368
4	385
4	390
4	400
4	417
4	489
5	0
5	16
5	17
5	24
5	25
5	33
5	34
5	50
5	53
5	56
5	104
5	128
5	137
5	138
5	142
5	144
5	161
5	205
5	212
5	256
5	258
5	284
5	290
5	292
5	312
5	321
5	330
5	340
5	401
5	409
5	459
6	0
6	1
6	3
6	8
6	16
6	23
6	32
6	45
6	46
6	66
6	70
6	81
6	88
6	94
6	128
6	136
6	184
6	214
6	260
6	262
6	272
6	320
6	346
6	400
6	420
7	0
7	16
7	18
7	40
7	68
7	80
7	84
7	87
7	142
7	184
7	272
7	290
7	337
7	396
7	451
7	469
8	0
8	5
8	6
8	7
8	10
8	13
8	16
8	17
8	18
8	20
8	24
8	27
8	43
8	48
8	67
8	73
8	132
8	137
8	140
8	148
8	156
8	164
8	186
8	193
8	194
8	216
8	217
8	218
8	256
8	260
8	264
8	272
8	292
8	298
8	307
8	316
8	321
8	326
8	330
8	368
8	370
8	392
8	411
8	429
8	434
8	443
8	448
8	449
9	0
9	1
9	2
9	4
9	23
9	34
9	40
9	54
9	64
9	65
9	76
9	80
9	89
9	97
9	130
9	132
9	137
9	151
9	163
9	169
9	200
9	212
9	250
9	270
9	272
9	283
9	304
9	379
9	420
9	497
10	0
10	6
10	17
10	22
10	32
10	34
10	40
10	43
10	58
10	61
10	64
10	96
10	97
10	102
10	132
10	160
10	161
10	185
10	192
10	206
10	208
10	210
10	226
10	266
10	272
10	273
10	274
10	275
10	278
10	288
10	300
10	330
10	340
10	342
10	388
10	408
11	2
11	4
11	5
11	8
11	26
11	96
11	106
11	152
11	257
11	258
11	282
11	337
11	361
11	420
12	8
12	10
12	16
12	19
12	21
12	25
12	32
12	33
12	35
12	36
12	59
12	68
12	90
12	92
12	96
12	102
12	129
12	132
12	169
12	180
12	212
12	214
12	256
12	261
12	280
12	341
12	388
12	389
12	416
12	421
12	433
12	451
13	0
13	11
13	12
13	34
13	65
13	97
13	104
13	110
13	143
13	144
13	161
13	200
13	248
13	328
13	395
13	432
14	6
14	79
14	88
14	128
14	153
14	176
14	200
14	218
14	258
14	290
14	331
14	390
14	413
15	2
15	5
15	65
15	128
15	256
15	262
15	315
15	352
15	364
16	8
16	10
16	25
16	28
16	36
16	38
16	43
16	64
16	66
16	71
16	73
16	105
16	114
16	120
16	128
16	132
16	136
16	145
16	148
16	150
16	153
16	160
16	161
16	163
16	164
16	187
16	193
16	208
16	244
16	245
16	259
16	265
16	272
16	273
16	274
16	278
16	290
16	298
16	300
16	301
16	307
16	324
16	327
16	384
16	387
16	392
16	395
16	396
16	404
16	410
16	427
16	428
16	456
16	458
16	459
16	460
17	0
17	1
17	3
17	5
17	21
17	24
17	26
17	35
17	57
17	86
17	116
17	130
17	133
17	136
17	140
17	144
17	166
17	176
17	197
17	260
17	270
17	276
17	277
17	288
17	324
17	341
17	352
17	386
17	466
17	470
18	0
18	10
18	34
18	49
18	53
18	54
18	64
18	71
18	72
18	86
18	88
18	112
18	113
18	128
18	136
18	160
18	174
18	193
18	195
18	201
18	202
18	219
18	226
18	257
18	265
18	271
18	272
18	280
18	314
18	346
18	351
18	384
18	416
18	418
18	427
18	470
18	484
19	2
19	4
19	8
19	36
19	40
19	66
19	74
19	76
19	104
19	132
19	140
19	194
19	273
19	357
19	484
20	0
20	6
20	7
20	8
20	9
20	18
20	28
20	36
20	38
20	42
20	48
20	51
20	72
20	90
20	96
20	105
20	162
20	166
20	169
20	192
20	197
20	206
20	232
20	245
20	256
20	258
20	304
20	357
20	385
20	386
20	389
20	392
20	417
20	428
20	460
20	470
20	480
20	488
21	16
21	17
21	18
21	20
21	64
21	71
21	83
21	90
21	131
21	132
21	158
21	242
21	386
21	389
21	392
21	398
21	443
22	3
22	4
22	5
22	6
22	33
22	44
22	56
22	72
22	91
22	128
22	132
22	138
22	176
22	292
23	33
23	128
23	169
23	208
23	224
23	321
23	391
24	0
24	1
24	2
24	8
24	9
24	19
24	21
24	22
24	26
24	64
24	129
24	163
24	173
24	179
24	182
24	188
24	196
24	212
24	284
24	289
24	290
24	297
24	368
24	384
24	412
24	435
24	459
24	468
24	472
25	12
25	27
25	32
25	48
25	50
25	67
25	97
25	197
25	221
25	224
25	260
25	272
25	297
25	393
25	417
25	464
25	477
26	3
26	4
26	11
26	16
26	20
26	33
26	70
26	131
26	136
26	143
26	224
26	260
26	320
26	404
26	423
27	16
27	108
27	222
27	244
27	251
28	35
28	38
28	76
28	147
28	152
28	266
28	381
28	394
28	424
28	450
29	0
29	38
29	64
29	132
29	320
30	1
30	12
30	54
30	69
30	421
31	48
31	51
31	286
32	1
32	2
32	3
32	4
32	10
32	14
32	15
32	18
32	21
32	33
32	36
32	41
32	45
32	48
32	64
32	65
32	66
32	68
32	70
32	76
32	78
32	80
32	84
32	90
32	114
32	116
32	126
32	130
32	132
32	133
32	136
32	137
32	139
32	156
32	157
32	165
32	168
32	181
32	193
32	194
32	198
32	204
32	209
32	225
32	228
32	262
32	274
32	288
32	290
32	303
32	304
32	322
32	328
32	345
32	352
32	353
32	366
32	388
32	391
32	396
32	400
32	416
32	432
32	461
33	2
33	16
33	26
33	29
33	50
33	66
33	86
33	105
33	130
33	148
33	150
33	151
33	172
33	193
33	197
33	210
33	257
33	264
33	289
33	329
33	340
33	363
33	468
33	474
34	0
34	2
34	3
34	12
34	24
34	32
34	48
34	51
34	64
34	66
34	68
34	70
34	80
34	86
34	128
34	129
34	144
34	152
34	164
34	199
34	238
34	256
34	265
34	282
34	288
34	290
34	309
34	320
34	323
34	324
34	399
34	406
34	423
34	448
35	0
35	1
35	6
35	8
35	13
35	19
35	21
35	30
35	39
35	59
35	66
35	68
35	72
35	82
35	115
35	134
35	141
35	192
35	200
35	236
35	304
35	384
35	402
36	4
36	16
36	18
36	20
36	22
36	30
36	37
36	62
36	64
36	68
36	89
36	129
36	144
36	145
36	153
36	170
36	201
36	225
36	227
36	228
36	262
36	269
36	272
36	292
36	322
36	323
36	342
36	365
36	395
36	480
37	19
37	68
37	71
37	81
37	88
37	98
37	128
37	133
37	148
37	152
37	204
37	261
37	275
37	312
37	321
37	412
37	416
37	455
38	0
38	4
38	5
38	21
38	24
38	76
38	128
38	170
38	296
38	324
38	397
38	409
39	13
39	77
39	81
39	132
39	137
39	145
39	222
39	256
39	328
39	360
39	386
40	5
40	17
40	19
40	20
40	30
40	48
40	49
40	81
40	94
40	115
40	143
40	201
40	215
40	221
40	224
40	266
40	273
40	384
40	396
40	398
40	416
40	448
40	462
40	465
41	3
41	4
41	16
41	24
41	73
41	81
41	98
41	128
41	132
41	150
41	160
41	168
41	179
41	196
41	280
41	327
41	430
41	449
41	465
42	8
42	10
42	13
42	17
42	19
42	24
42	70
42	73
42	78
42	105
42	118
42	128
42	146
42	152
42	164
42	165
42	225
42	235
42	238
42	257
42	284
42	322
42	368
42	445
43	0
43	16
43	32
43	192
43	227
43	256
43	458
44	6
44	36
44	40
44	74
44	96
44	103
44	129
44	262
44	272
45	0
45	2
45	17
45	64
45	80
45	97
45	162
45	208
45	274
45	275
46	16
46	82
46	97
46	192
46	204
46	264
46	325
47	3
47	259
47	300
47	390
48	1
48	4
48	24
48	32
48	45
48	116
48	128
48	138
48	139
48	194
48	256
48	257
48	258
48	260
48	273
48	288
48	312
48	385
48	404
48	419
48	448
48	457
49	0
49	4
49	8
49	12
49	70
49	146
49	162
49	192
49	193
49	256
49	272
49	289
49	311
49	320
49	452
50	4
50	16
50	18
50	19
50	30
50	34
50	72
50	128
50	136
50	142
50	160
50	181
50	224
50	272
50	335
50	424
51	24
51	73
51	128
51	238
51	260
51	265
51	304
51	346
51	448
52	32
52	36
52	37
52	56
52	60
52	96
52	107
52	114
52	137
52	145
52	201
52	267
52	316
52	408
52	454
53	6
53	69
53	80
53	208
53	281
53	286
53	292
53	341
54	4
54	8
54	18
54	47
54	48
54	72
54	140
54	144
54	178
54	340
54	360
54	433
55	289
55	324
56	4
56	17
56	41
56	46
56	50
56	64
56	105
56	132
56	144
56	206
56	210
56	224
56	243
56	256
56	259
56	262
56	273
56	374
56	395
57	16
57	18
57	23
57	88
57	128
57	137
57	166
57	321
58	2
58	42
58	116
58	144
58	195
58	321
58	401
59	0
59	19
59	96
59	182
59	273
59	387
60	1
60	3
60	28
60	132
60	224
60	256
60	396
61	88
61	149
61	168
62	0
62	24
62	138
62	140
62	256
62	261
64	0
64	2
64	3
64	4
64	6
64	10
64	12
64	13
64	16
64	19
64	24
64	26
64	27
64	33
64	36
64	40
64	42
64	54
64	65
64	70
64	72
64	96
64	98
64	109
64	120
64	128
64	129
64	131
64	145
64	146
64	167
64	176
64	194
64	196
64	209
64	225
64	232
64	233
64	256
64	257
64	260
64	267
64	290
64	304
64	320
64	343
64	372
64	376
64	384
64	397
64	401
64	407
64	416
64	450
64	468
65	0
65	6
65	17
65	24
65	33
65	41
65	44
65	66
65	72
65	76
65	77
65	96
65	115
65	129
65	130
65	152
65	164
65	208
65	233
65	240
65	272
65	309
65	317
65	321
65	340
65	388
65	413
65	416
65	430
65	469
66	4
66	8
66	12
66	19
66	20
66	25
66	26
66	38
66	41
66	69
66	80
66	91
66	97
66	136
66	138
66	141
66	160
66	163
66	167
66	176
66	224
66	260
66	272
66	326
66	344
66	352
66	355
66	357
66	368
66	386
66	413
66	418
66	448
67	1
67	32
67	64
67	80
67	128
67	144
67	146
67	152
67	173
67	244
67	256
67	288
67	292
68	0
68	4
68	5
68	12
68	16
68	19
68	25
68	32
68	40
68	46
68	49
68	62
68	104
68	128
68	129
68	135
68	136
68	151
68	161
68	165
68	184
68	192
68	214
68	257
68	268
68	278
68	289
68	296
68	320
68	329
68	356
68	392
68	441
68	483
68	506
69	1
69	16
69	22
69	32
69	48
69	78
69	138
69	267
69	304
69	412
69	420
69	499
70	4
70	40
70	68
70	98
70	128
70	130
70	143
70	184
70	200
70	226
70	240
70	258
70	264
70	286
70	291
70	323
70	328
71	327
71	442
72	0
72	1
72	2
72	4
72	21
72	24
72	32
72	35
72	36
72	38
72	64
72	70
72	149
72	177
72	192
72	202
72	208
72	260
72	276
72	277
72	284
72	296
72	297
72	305
72	324
72	330
72	352
72	356
72	419
73	38
73	48
73	78
73	82
73	96
73	160
73	170
73	225
73	256
73	265
73	268
73	281
73	304
73	388
73	396
73	476
74	0
74	4
74	64
74	72
74	97
74	129
74	132
74	136
74	265
74	288
74	296
74	314
74	328
74	348
74	356
74	501
75	34
75	38
75	73
75	258
75	296
75	417
76	11
76	48
76	66
76	164
76	173
76	460
77	3
77	26
77	36
77	130
77	164
78	54
78	92
78	272
79	19
79	148
80	2
80	4
80	5
80	8
80	12
80	16
80	20
80	30
80	35
80	38
80	40
80	74
80	100
80	107
80	117
80	150
80	232
80	258
80	260
80	264
80	272
80	306
80	327
80	363
80	368
80	417
80	424
80	441
80	452
80	473
81	2
81	8
81	10
81	12
81	48
81	80
81	132
81	134
81	141
81	192
81	288
81	329
81	377
81	386
81	392
81	496
82	0
82	4
82	5
82	37
82	70
82	76
82	80
82	140
82	164
82	200
82	289
82	389
83	1
83	18
83	25
83	66
83	68
83	152
83	195
83	272
83	324
83	348
84	0
84	6
84	14
84	36
84	38
84	41
84	65
84	66
84	98
84	129
84	187
84	202
84	208
84	232
84	305
84	403
85	37
85	38
85	108
85	169
85	272
85	294
86	0
86	5
86	44
86	75
86	96
86	168
86	178
86	238
86	257
86	321
86	323
87	64
87	80
87	150
87	436
88	1
88	6
88	7
88	24
88	49
88	64
88	68
88	72
88	73
88	81
88	128
88	169
88	172
88	201
88	448
89	8
89	25
89	34
89	141
89	143
89	276
90	0
90	40
90	52
90	264
90	292
90	321
90	392
90	456
91	8
91	279
92	13
92	24
92	33
92	39
92	183
92	193
92	213
92	220
93	12
93	26
94	2
94	33
94	269
95	4
95	5
96	8
96	10
96	14
96	21
96	29
96	32
96	34
96	42
96	52
96	64
96	65
96	99
96	113
96	115
96	133
96	135
96	136
96	138
96	148
96	153
96	161
96	163
96	171
96	242
96	256
96	260
96	272
96	280
96	294
96	325
96	328
96	336
96	345
96	372
96	384
96	387
96	392
96	422
96	428
96	458
97	4
97	13
97	19
97	20
97	35
97	37
97	75
97	81
97	104
97	107
97	130
97	281
97	289
97	320
97	329
97	368
97	392
98	0
98	2
98	17
98	48
98	50
98	82
98	84
98	99
98	154
98	176
98	196
98	260
98	267
98	282
98	293
98	312
98	318
98	456
98	476
99	2
99	36
99	59
99	145
99	201
99	257
99	268
99	320
100	0
100	16
100	20
100	33
100	37
100	66
100	128
100	173
100	224
100	258
100	268
100	337
100	356
100	368
100	384
100	427
101	0
101	12
101	128
101	132
101	384
102	1
102	38
102	72
102	113
102	138
102	144
102	157
102	208
102	410
103	6
103	40
103	118
103	257
103	353
103	480
104	16
104	35
104	44
104	48
104	74
104	98
104	128
104	132
104	152
104	200
104	256
104	262
104	268
104	294
104	321
104	325
104	497
105	71
105	141
105	150
105	166
105	270
105	322
106	2
106	12
106	16
106	44
106	64
106	98
106	172
106	345
107	8
107	195
107	418
108	1
108	16
108	49
108	50
108	56
108	138
108	240
108	327
109	0
109	45
109	85
109	92
109	266
109	324
109	357
109	408
110	70
111	18
112	0
112	9
112	12
112	37
112	65
112	68
112	72
112	92
112	102
112	129
112	145
112	180
112	186
112	225
112	257
112	262
112	282
112	292
112	325
112	326
112	353
112	438
113	0
113	66
113	166
113	214
113	216
113	288
113	439
114	2
114	4
114	35
114	128
114	242
115	328
115	354
116	0
116	16
116	30
116	66
116	200
116	240
116	256
116	274
116	296
117	2
117	232
117	266
117	434
118	10
118	11
118	17
118	66
118	144
118	317
119	2
119	7
119	128
120	4
120	6
120	13
120	32
120	34
120	64
120	72
120	133
120	142
120	145
120	146
120	152
120	201
120	205
120	264
120	290
120	333
120	358
121	0
121	27
121	40
121	61
121	71
121	164
121	370
122	2
122	18
122	43
122	346
122	462
123	43
123	256
123	288
123	320
123	420
124	43
124	263
124	273
124	357
125	74
125	263
128	0
128	1
128	9
128	10
128	16
128	20
128	26
128	32
128	34
128	39
128	41
128	49
128	54
128	64
128	77
128	85
128	88
128	117
128	129
128	130
128	132
128	134
128	147
128	170
128	180
128	192
128	256
128	257
128	264
128	265
128	272
128	292
128	296
128	318
128	321
128	326
128	345
128	368
128	384
128	391
128	392
128	450
128	457
128	470
129	1
129	4
129	8
129	10
129	16
129	18
129	26
129	32
129	75
129	77
129	81
129	95
129	98
129	128
129	130
129	131
129	135
129	139
129	145
129	185
129	192
129	196
129	208
129	220
129	293
129	317
129	338
129	357
129	402
129	405
129	420
129	458
129	459
129	503
130	3
130	8
130	13
130	24
130	29
130	33
130	75
130	97
130	152
130	172
130	174
130	176
130	186
130	193
130	195
130	197
130	258
130	260
130	270
130	304
130	353
130	400
130	436
131	1
131	7
131	10
131	11
131	24
131	31
131	35
131	36
131	40
131	66
131	97
131	140
131	141
131	177
131	227
131	297
131	300
131	402
132	0
132	1
132	2
132	5
132	6
132	10
132	13
132	16
132	19
132	22
132	37
132	38
132	40
132	50
132	52
132	65
132	102
132	128
132	176
132	188
132	201
132	208
132	209
132	225
132	226
132	235
132	257
132	259
132	289
132	290
132	292
132	324
132	365
132	384
132	405
132	452
132	453
133	0
133	12
133	32
133	38
133	46
133	48
133	100
133	164
133	258
133	261
133	264
133	394
133	403
133	428
134	4
134	16
134	40
134	66
134	89
134	128
134	132
134	144
134	146
134	161
134	172
134	190
134	224
134	259
134	405
135	28
135	64
135	131
135	160
135	163
135	268
135	276
135	321
135	386
136	1
136	3
136	9
136	12
136	14
136	16
136	21
136	23
136	24
136	32
136	39
136	52
136	56
136	66
136	74
136	76
136	92
136	106
136	119
136	128
136	145
136	169
136	197
136	216
136	229
136	287
136	312
136	340
136	358
136	384
136	394
136	396
136	397
136	474
137	37
137	52
137	100
137	160
137	256
137	269
137	292
137	328
137	455
138	38
138	304
138	312
138	321
138	333
138	441
139	2
139	9
139	23
139	41
139	64
139	74
139	144
139	271
139	288
140	0
140	1
140	15
140	40
140	52
140	67
140	108
140	145
140	154
140	186
140	284
140	305
140	373
140	390
140	404
140	423
140	453
141	66
141	72
141	96
141	272
141	391
142	2
142	5
142	8
142	17
142	129
142	140
142	368
143	32
143	64
143	96
143	106
143	405
144	0
144	2
144	8
144	10
144	44
144	51
144	58
144	64
144	102
144	128
144	131
144	137
144	142
144	153
144	160
144	168
144	193
144	200
144	256
144	260
144	275
144	281
144	290
144	296
144	321
144	342
144	350
144	364
144	402
144	405
145	0
145	22
145	41
145	96
145	112
145	306
145	340
145	342
145	446
146	0
146	2
146	16
146	33
146	41
146	51
146	60
146	66
146	85
146	88
146	106
146	148
146	273
146	288
146	308
146	338
146	386
146	420
147	54
147	66
147	105
147	155
147	166
147	269
147	292
148	32
148	56
148	66
148	137
148	161
148	178
148	200
148	225
148	256
148	257
148	325
148	341
148	376
148	384
148	396
149	0
149	1
149	65
149	70
149	73
149	97
149	323
149	377
149	386
149	388
149	421
149	458
150	35
150	184
150	212
150	240
150	308
150	402
151	0
151	24
151	65
151	292
151	449
151	451
151	459
152	1
152	33
152	64
152	66
152	72
152	82
152	85
152	104
152	161
152	192
152	256
152	272
152	321
152	350
152	472
153	12
153	169
153	274
153	276
153	456
154	21
154	32
154	72
154	73
154	184
154	200
154	225
154	284
154	324
155	100
155	214
155	479
156	10
156	37
156	224
156	283
157	146
157	227
158	78
158	321
158	468
159	2
159	8
159	294
159	500
160	9
160	12
160	15
160	22
160	26
160	44
160	45
160	61
160	63
160	68
160	73
160	104
160	106
160	133
160	148
160	149
160	186
160	227
160	232
160	256
160	257
160	260
160	262
160	264
160	274
160	276
160	280
160	296
160	312
160	352
160	353
161	4
161	8
161	9
161	12
161	35
161	64
161	72
161	97
161	112
161	134
161	144
161	177
161	227
161	256
161	272
161	374
161	398
161	489
162	5
162	17
162	33
162	43
162	48
162	57
162	88
162	101
162	109
162	128
162	135
162	208
162	216
162	294
162	322
162	397
162	440
163	0
163	4
163	32
163	57
163	64
163	73
163	108
163	202
163	206
163	274
163	292
163	321
163	475
164	2
164	13
164	16
164	17
164	18
164	40
164	68
164	80
164	96
164	256
164	290
164	297
164	340
165	18
165	27
165	32
165	80
165	164
165	177
165	224
165	232
165	259
165	268
165	417
166	1
166	34
166	79
166	361
167	182
167	304
168	0
168	2
168	6
168	34
168	68
168	69
168	76
168	100
168	106
168	133
168	177
168	179
168	256
168	260
168	267
168	295
168	321
168	330
168	340
168	373
168	402
168	480
169	0
169	6
169	18
169	33
169	93
169	97
169	161
169	257
169	276
170	43
170	169
170	192
170	359
171	42
171	121
171	257
172	24
172	32
172	72
172	144
172	170
172	265
172	320
172	400
172	408
172	476
173	33
173	265
173	272
173	425
174	258
175	21
175	373
175	382
176	2
176	7
176	11
176	65
176	194
176	258
176	298
176	458
177	0
177	5
177	26
177	63
177	66
177	133
177	260
177	322
177	440
178	16
178	81
178	131
178	134
178	295
178	416
179	2
179	32
179	256
180	6
180	146
180	459
181	0
181	36
181	71
181	104
181	279
181	326
182	2
182	9
182	131
182	184
182	340
182	372
183	70
184	130
184	168
184	195
184	214
184	272
184	302
184	321
185	9
185	98
185	145
186	217
186	265
187	140
187	299
187	326
188	97
188	201
189	1
189	384
190	1
190	6
190	48
190	182
192	0
192	2
192	4
192	9
192	10
192	11
192	12
192	14
192	16
192	26
192	64
192	65
192	88
192	112
192	115
192	136
192	161
192	184
192	261
192	270
192	278
192	291
192	297
192	298
192	324
192	350
192	372
192	387
192	481
193	5
193	16
193	24
193	41
193	137
193	261
193	266
193	272
193	393
194	1
194	10
194	14
194	19
194	32
194	45
194	50
194	66
194	72
194	80
194	119
194	146
194	152
194	264
194	420
194	456
195	6
195	24
195	52
195	55
195	112
195	128
195	160
195	194
195	265
195	437
196	0
196	4
196	6
196	17
196	64
196	80
196	130
196	192
196	256
196	392
196	393
197	28
197	73
197	99
197	401
198	0
198	36
198	50
198	70
198	78
198	115
198	204
198	262
198	289
198	384
198	392
199	21
199	48
199	74
199	260
199	272
199	376
200	16
200	20
200	42
200	69
200	96
200	114
200	147
200	162
200	260
200	262
200	264
200	304
200	309
200	342
200	392
200	400
201	49
201	160
201	195
201	263
201	321
201	328
202	39
202	72
202	128
202	189
202	256
202	314
202	453
203	23
203	43
204	0
204	8
204	11
204	36
204	137
204	304
205	0
205	6
205	36
205	52
205	73
206	25
206	30
206	65
206	162
207	144
208	0
208	1
208	15
208	22
208	28
208	78
208	82
208	144
208	164
208	192
208	304
208	330
208	337
209	0
209	5
209	32
209	92
209	100
209	103
209	128
209	192
210	2
210	16
210	17
210	34
210	70
210	136
210	146
210	178
210	186
210	293
210	322
211	37
211	48
212	65
212	97
212	329
212	465
212	484
213	97
214	0
214	20
214	32
214	356
215	1
215	64
215	320
216	18
216	180
216	286
217	76
217	256
218	390
219	82
219	130
220	5
220	53
221	280
221	308
221	310
221	422
222	96
222	160
224	8
224	27
224	57
224	68
224	134
224	147
224	160
224	192
224	193
224	195
224	205
224	256
224	298
224	399
224	458
225	2
225	4
225	18
225	77
225	113
225	228
225	258
226	0
226	6
226	8
226	14
226	26
226	72
226	192
226	264
226	267
226	349
226	393
227	33
227	65
227	149
227	182
227	289
228	20
228	34
228	44
228	70
228	139
228	394
229	17
229	304
229	320
229	339
229	360
229	389
229	392
230	128
230	140
230	284
231	456
232	128
232	265
232	277
232	289
232	461
233	9
233	129
233	396
233	417
234	114
236	1
236	16
236	94
236	173
236	192
236	217
236	258
236	459
237	8
237	64
237	78
237	260
237	431
238	57
238	330
238	480
239	0
239	75
240	4
240	65
240	129
240	142
240	161
241	10
241	13
241	18
241	48
241	210
242	8
242	30
242	32
242	257
242	325
242	477
243	82
244	6
244	96
244	408
245	8
246	43
246	450
247	0
247	449
248	52
248	104
248	130
248	200
248	224
248	324
249	48
249	257
249	320
250	196
250	418
252	20
252	65
252	73
254	3
254	128
256	0
256	1
256	2
256	9
256	10
256	12
256	13
256	14
256	16
256	18
256	22
256	32
256	40
256	60
256	62
256	64
256	65
256	67
256	78
256	88
256	97
256	108
256	122
256	128
256	130
256	131
256	144
256	145
256	169
256	178
256	192
256	227
256	257
256	259
256	265
256	270
256	272
256	277
256	284
256	286
256	288
256	321
256	338
256	345
256	352
256	372
256	384
256	407
256	448
257	1
257	5
257	7
257	13
257	14
257	36
257	38
257	69
257	72
257	96
257	104
257	132
257	144
257	152
257	169
257	215
257	258
257	259
257	266
257	305
257	320
257	336
257	343
257	384
257	408
257	419
257	426
258	2
258	8
258	13
258	16
258	36
258	41
258	49
258	65
258	70
258	75
258	89
258	93
258	132
258	135
258	144
258	183
258	192
258	224
258	308
258	324
258	339
258	456
258	484
259	2
259	14
259	26
259	32
259	34
259	66
259	77
259	128
259	209
259	217
259	235
259	257
259	264
259	282
259	323
259	457
260	0
260	6
260	11
260	12
260	21
260	27
260	28
260	34
260	43
260	53
260	67
260	80
260	82
260	97
260	130
260	136
260	142
260	152
260	161
260	165
260	177
260	210
260	224
260	225
260	256
260	258
260	289
260	322
260	323
260	352
260	384
260	391
260	504
261	33
261	34
261	65
261	160
261	168
261	192
261	202
261	259
261	273
261	289
261	384
261	406
262	4
262	8
262	12
262	71
262	80
262	83
262	88
262	97
262	145
262	192
262	264
262	283
262	329
262	354
262	380
262	407
262	455
262	457
263	64
263	163
263	257
263	262
263	267
263	368
264	15
264	16
264	24
264	33
264	59
264	64
264	65
264	69
264	96
264	113
264	131
264	133
264	189
264	266
264	286
264	296
264	324
264	328
264	336
264	417
265	0
265	2
265	15
265	18
265	53
265	54
265	64
265	65
265	72
265	105
265	132
265	136
265	193
265	209
265	257
265	276
265	289
265	341
265	353
265	368
265	384
265	432
265	494
266	6
266	16
266	33
266	37
266	44
266	65
266	80
266	88
266	94
266	104
266	128
266	148
266	228
266	256
266	259
266	268
266	277
266	304
266	403
266	484
266	492
267	0
267	48
267	73
267	80
267	134
267	148
267	218
267	386
268	4
268	18
268	19
268	129
268	170
268	202
268	260
268	323
268	354
269	56
269	104
269	144
269	180
269	259
269	322
269	394
270	80
270	112
270	171
270	182
270	386
271	1
271	67
271	192
272	0
272	4
272	12
272	16
272	20
272	28
272	34
272	43
272	67
272	71
272	76
272	80
272	93
272	113
272	114
272	128
272	155
272	160
272	193
272	226
272	256
272	259
272	260
272	261
272	320
272	340
272	417
272	456
273	1
273	6
273	7
273	8
273	20
273	22
273	45
273	48
273	72
273	80
273	107
273	110
273	130
273	183
273	190
273	201
273	204
273	224
273	269
273	290
273	466
273	469
273	481
274	0
274	19
274	34
274	80
274	136
274	198
274	259
274	262
274	270
274	298
274	408
274	421
274	432
274	445
275	4
275	16
275	86
275	112
275	208
275	213
275	253
275	321
275	338
276	18
276	43
276	53
276	79
276	137
276	139
276	140
276	177
276	200
276	265
276	284
276	288
276	322
276	323
277	84
277	104
277	140
277	161
277	389
277	402
278	20
278	130
278	288
278	336
278	352
278	472
279	0
279	9
279	36
279	40
279	70
279	74
279	266
279	404
280	0
280	6
280	32
280	46
280	66
280	90
280	112
280	138
280	201
280	258
280	259
280	288
280	292
280	316
280	325
280	327
280	328
280	414
280	493
281	4
281	9
281	18
281	20
281	80
281	108
281	150
281	384
281	400
282	29
282	70
282	104
282	218
282	410
283	280
283	340
284	9
284	16
284	64
284	133
284	160
284	203
284	256
284	426
285	1
285	12
285	17
285	20
285	80
285	130
285	149
285	258
285	457
286	258
288	1
288	4
288	7
288	8
288	9
288	16
288	17
288	21
288	32
288	33
288	34
288	36
288	37
288	42
288	52
288	67
288	73
288	85
288	130
288	148
288	157
288	198
288	214
288	256
288	259
288	272
288	273
288	292
288	312
288	329
288	360
288	368
288	388
288	392
288	406
288	417
288	448
288	493
289	16
289	24
289	42
289	52
289	68
289	184
289	208
289	231
289	273
289	275
289	291
289	302
289	332
289	339
289	342
289	456
290	0
290	8
290	17
290	168
290	185
290	192
290	266
290	268
290	300
290	314
290	330
290	451
290	473
290	482
291	5
291	8
291	15
291	20
291	22
291	72
291	84
291	129
291	144
291	145
291	472
292	0
292	1
292	13
292	17
292	20
292	65
292	72
292	80
292	150
292	166
292	168
292	256
292	296
292	323
292	385
293	4
293	96
293	131
293	144
293	212
293	261
293	356
294	34
294	44
294	70
294	72
294	162
294	256
294	288
294	330
294	400
294	402
295	48
295	137
295	176
295	432
296	0
296	19
296	21
296	72
296	104
296	143
296	148
296	160
296	194
296	256
296	264
296	267
296	272
296	292
296	313
296	376
296	448
297	21
297	25
297	68
297	73
297	132
297	146
297	232
297	326
297	339
298	45
298	64
298	130
298	209
298	259
298	384
298	416
299	12
299	48
299	74
299	132
299	266
299	291
299	321
300	0
300	17
300	47
300	238
300	241
300	260
300	328
300	351
300	414
301	6
301	288
302	454
303	40
303	149
304	1
304	4
304	8
304	16
304	17
304	24
304	65
304	66
304	69
304	120
304	133
304	138
304	145
304	150
304	161
304	174
304	212
304	395
305	49
305	50
305	85
305	128
305	268
306	15
306	24
306	192
306	257
306	258
306	328
306	338
306	408
307	32
307	70
307	81
307	201
307	392
308	0
308	39
308	74
308	96
308	114
308	257
308	275
308	420
309	7
309	105
309	128
309	144
310	10
310	16
310	80
310	136
310	144
310	145
310	146
310	147
310	161
310	268
311	65
311	298
311	504
312	72
312	80
312	288
312	363
313	40
314	136
314	262
314	345
316	2
316	37
316	54
316	74
316	105
316	465
317	84
318	5
320	2
320	4
320	9
320	17
320	34
320	68
320	132
320	193
320	205
320	208
320	233
320	237
320	257
320	258
320	288
320	298
320	300
320	301
320	304
320	401
320	420
320	423
320	450
320	456
320	462
321	1
321	2
321	20
321	32
321	45
321	73
321	74
321	100
321	118
321	192
321	272
321	325
321	336
321	338
321	349
321	390
321	416
322	1
322	9
322	12
322	13
322	16
322	49
322	73
322	156
322	224
322	241
322	268
322	299
322	336
322	368
322	384
322	426
322	448
322	457
322	496
323	0
323	4
323	17
323	18
323	25
323	80
323	337
323	387
324	4
324	24
324	27
324	40
324	46
324	61
324	97
324	101
324	116
324	134
324	138
324	320
324	321
324	358
324	359
325	5
325	9
325	32
325	68
325	140
326	48
326	70
326	148
326	218
326	352
326	490
327	16
327	274
328	0
328	9
328	10
328	16
328	20
328	41
328	45
328	71
328	92
328	130
328	134
328	160
328	161
328	187
328	221
328	242
328	256
328	336
328	339
328	349
328	417
329	0
329	35
329	42
329	100
329	169
329	260
329	294
330	7
330	17
330	66
330	78
330	82
330	173
330	188
331	357
332	0
332	8
332	89
332	177
332	316
332	388
332	400
333	96
333	268
334	18
334	129
334	132
334	140
335	347
336	0
336	1
336	4
336	24
336	30
336	32
336	69
336	72
336	80
336	95
336	130
336	137
336	184
336	219
336	262
336	284
336	298
336	305
336	330
336	338
336	384
337	1
337	17
337	36
337	64
337	68
337	97
337	133
337	144
337	176
337	263
337	298
338	11
338	66
338	446
339	10
339	161
339	168
339	277
339	362
340	16
340	36
340	38
340	40
340	68
340	69
340	111
340	136
340	192
340	271
340	345
340	385
341	3
341	14
341	32
341	77
341	135
341	257
342	279
343	8
343	292
344	8
344	121
344	126
344	134
344	178
344	466
345	2
345	34
345	54
345	56
345	96
345	304
346	11
346	449
347	8
347	67
347	480
348	117
348	266
348	368
348	418
349	208
349	261
350	448
351	265
352	0
352	2
352	4
352	28
352	49
352	111
352	144
352	152
352	162
352	177
352	256
352	258
352	259
352	272
352	276
352	297
352	386
352	474
352	496
353	18
353	48
353	57
353	200
353	204
353	258
353	276
353	342
353	396
353	409
354	11
354	36
354	84
354	195
354	212
354	226
354	266
354	312
354	322
354	360
354	481
355	12
355	72
355	177
355	386
356	26
356	129
356	138
356	304
356	337
356	364
356	416
357	33
357	50
357	75
357	164
357	338
357	422
357	452
358	11
358	90
358	256
358	268
358	291
358	340
359	128
360	1
360	20
360	21
360	66
360	96
360	112
360	196
360	246
360	291
360	438
361	76
361	97
361	114
361	151
361	200
361	388
361	492
362	142
362	324
363	1
363	50
363	74
363	456
364	192
364	325
366	9
366	101
366	256
367	16
367	104
367	190
367	256
368	13
368	32
368	64
368	162
368	192
368	201
368	272
368	273
368	289
368	295
368	304
369	12
369	16
369	34
369	66
369	132
369	212
369	232
369	298
370	0
370	40
370	129
370	405
371	1
371	263
372	42
372	154
372	178
372	338
373	15
373	144
374	280
374	284
375	132
376	189
376	264
377	52
377	83
377	426
378	0
380	0
380	21
380	283
381	24
381	167
384	4
384	9
384	16
384	20
384	31
384	35
384	44
384	50
384	55
384	64
384	67
384	80
384	91
384	92
384	130
384	156
384	203
384	224
384	257
384	294
384	392
384	402
384	404
384	421
384	436
384	481
384	488
385	0
385	1
385	34
385	36
385	57
385	60
385	129
385	136
385	274
385	286
385	304
385	337
386	4
386	6
386	13
386	40
386	64
386	72
386	97
386	133
386	136
386	145
386	225
386	346
386	456
386	478
386	480
387	2
387	10
387	16
387	18
387	76
387	111
387	293
387	472
388	32
388	55
388	68
388	74
388	96
388	135
388	146
388	184
388	208
388	296
388	303
388	304
388	306
388	321
388	327
388	392
388	408
388	479
389	2
389	42
389	74
389	138
389	173
389	261
390	66
390	68
390	80
390	433
391	0
391	136
391	266
391	274
392	0
392	2
392	3
392	33
392	36
392	41
392	51
392	122
392	134
392	264
392	306
392	422
393	0
393	2
393	4
393	11
393	99
393	119
393	130
393	144
393	208
393	257
393	285
393	362
394	2
394	6
394	9
394	17
394	25
394	88
394	129
394	260
394	328
394	392
395	32
395	146
395	261
395	344
396	153
396	280
396	419
397	45
397	72
397	259
397	335
398	0
398	24
398	32
398	33
398	129
398	161
398	222
398	277
399	129
400	1
400	3
400	8
400	10
400	18
400	53
400	57
400	69
400	75
400	80
400	113
400	128
400	145
400	234
400	253
400	311
400	320
400	324
400	337
401	30
401	45
401	75
401	272
401	302
401	352
402	66
402	192
402	194
402	208
402	218
402	268
402	324
403	3
403	21
403	251
403	321
403	506
404	6
404	24
404	64
404	106
404	130
404	145
404	256
404	257
404	260
404	273
404	337
404	353
404	354
405	0
405	1
405	132
405	453
406	69
406	76
406	176
408	32
408	74
408	160
408	204
408	256
408	328
408	386
409	8
409	136
409	239
409	260
409	320
410	216
411	288
412	0
412	130
412	232
412	322
412	389
412	452
413	164
414	108
414	281
414	418
415	448
416	1
416	7
416	33
416	67
416	80
416	82
416	128
416	136
416	158
416	160
416	206
416	258
416	261
416	296
416	322
416	323
416	328
416	331
416	464
416	508
417	0
417	20
417	35
417	129
417	256
417	322
418	2
418	4
418	16
418	65
418	128
418	177
418	226
418	389
420	10
420	34
420	82
420	138
420	176
420	192
420	201
420	208
420	288
420	433
421	54
421	206
421	390
423	90
424	8
424	64
424	137
424	352
425	2
425	154
426	25
426	178
427	2
428	67
428	199
429	248
430	84
430	143
430	172
430	458
432	24
432	40
432	128
432	165
432	192
432	208
432	305
432	384
432	478
433	34
433	94
433	98
434	10
434	75
434	288
434	290
434	386
435	10
435	36
435	55
435	129
436	112
436	160
436	261
436	289
436	340
437	132
437	258
437	326
440	12
440	314
441	76
441	156
442	134
442	323
444	48
444	84
445	72
448	5
448	7
448	15
448	38
448	74
448	96
448	98
448	101
448	132
448	156
448	198
448	240
448	256
448	264
448	272
448	290
448	319
448	320
448	390
448	424
449	68
449	70
449	100
449	145
449	278
449	290
449	384
450	69
450	83
450	133
450	160
450	193
450	284
450	322
451	2
451	24
451	25
452	66
452	83
452	109
452	181
452	231
452	273
452	290
453	51
453	64
453	321
454	128
454	146
455	266
456	20
456	33
456	65
456	141
456	164
456	193
456	280
456	385
457	2
457	160
458	0
458	8
458	160
458	168
458	195
458	284
458	298
459	36
460	7
460	18
460	496
461	129
461	256
461	293
461	434
462	290
464	10
464	62
464	138
464	160
464	384
464	386
465	0
465	4
465	6
465	129
465	162
465	192
465	225
465	320
466	262
467	0
467	9
468	14
468	136
468	144
469	16
469	49
469	368
471	1
471	24
472	9
472	291
474	42
474	100
474	505
475	66
476	68
477	289
478	1
478	194
480	10
480	16
480	256
480	281
480	424
481	12
481	32
481	76
481	88
482	128
482	138
482	176
482	392
483	0
483	94
484	288
485	96
485	133
486	139
486	328
488	34
488	136
488	264
488	290
489	64
489	453
490	64
490	306
492	36
492	40
492	138
493	130
494	23
496	40
496	48
496	262
497	33
497	224
497	322
498	3
498	8
498	260
498	296
499	45
499	272
500	76
504	266
505	38
506	485
508	295
509	244
